# VERSION_SNANA      = v11_02g 
# VERSION_PHOTOMETRY = ESSENCE_WV07 
# SNANA_VERSION : v11_02g 
# TABLE NAME: FITRES 
# 
VARNAMES:  CID IDSURVEY TYPE FIELD CUTFLAG_SNANA zHEL zHELERR zCMB zCMBERR zHD zHDERR VPEC VPECERR MWEBV HOST_LOGMASS HOST_LOGMASS_ERR HOST_sSFR HOST_sSFR_ERR SNRMAX1 SNRMAX2 SNRMAX3 PKMJD PKMJDERR DELTA DELTAERR AV AVERR RV RVERR DLMAG DLMAGERR COV_DELTA_AV COV_DELTA_DLMAG COV_AV_DLMAG NDOF FITCHI2 FITPROB 
#
SN: b013 3 0 NULL 3 0.42708 0.00400 0.42600 0.00400 0.42600 0.00400 0 0 3.10000e-02 -9 -9 -9 -9 33.31550 28.42995 0 52586.160 1.403 6.21434e-03 0.13723 0.14232 0.11355 2.18000 0 41.90621 0.18886 1.83908e-05 -1.79101e-02 -1.49264e-02 17 7.30179 0.98733
SN: d033 3 0 NULL 3 0.53281 0.00800 0.53100 0.00800 0.53100 0.00800 0 0 3.60000e-02 -9 -9 -9 -9 26.96611 13.60374 0 52932.504 1.872 -3.04505e-01 0.12182 7.07680e-02 6.60178e-02 2.18000 0 42.95514 0.14215 3.50858e-04 -1.25294e-02 -5.98662e-03 20 31.67721 6.31025e-02
SN: d083 3 0 NULL 3 0.33402 0.00200 0.33300 0.00200 0.33300 0.00200 0 0 2.80000e-02 -9 -9 -9 -9 96.97137 65.05478 0 52936.859 0.998 -3.70488e-01 6.93535e-02 0.10643 8.63237e-02 2.18000 0 40.70702 0.11876 1.73107e-04 -4.79392e-03 -8.19261e-03 20 6.34432 0.99912
SN: d084 3 0 NULL 3 0.52016 0.00700 0.51900 0.00700 0.51900 0.00700 0 0 2.50000e-02 -9 -9 -9 -9 12.74619 10.88712 0 52936.852 1.400 -3.88262e-02 0.18898 0.19232 0.13893 2.18000 0 42.86109 0.25528 -3.60141e-03 -3.24205e-02 -2.18648e-02 19 25.09820 0.19770
SN: d085 3 0 NULL 3 0.40266 0.00100 0.40100 0.00100 0.40100 0.00100 0 0 3.50000e-02 -9 -9 -9 -9 34.79047 22.39969 0 52941.582 0.633 -3.04456e-01 0.10140 0.15280 0.11625 2.18000 0 41.99345 0.17600 7.60278e-05 -1.03211e-02 -1.63499e-02 15 15.91626 0.45882
SN: d086 3 0 NULL 3 0.20642 0.00300 0.20500 0.00300 0.20500 0.00300 0 0 3.50000e-02 -9 -9 -9 -9 71.61199 47.36589 0 52945.602 0.314 -1.51659e-01 0.12146 0.43382 0.19583 2.18000 0 40.14172 0.21169 -2.88332e-03 -1.27750e-02 -3.27127e-02 17 12.26708 0.83315
SN: d089 3 0 NULL 3 0.43711 0.00600 0.43600 0.00600 0.43600 0.00600 0 0 3.00000e-02 -9 -9 -9 -9 42.52752 22.42329 0 52928.566 1.038 -1.14120e-01 0.10198 0.11806 9.30357e-02 2.18000 0 41.88432 0.14915 -1.48573e-04 -9.53031e-03 -9.94528e-03 22 19.88359 0.64892
SN: d093 3 0 NULL 3 0.36404 0.00600 0.36300 0.00600 0.36300 0.00600 0 0 3.20000e-02 -9 -9 -9 -9 40.89912 28.40032 0 52945.730 0.353 -4.52552e-01 5.64563e-02 8.81639e-02 7.46747e-02 2.18000 0 41.75700 0.10377 -1.01864e-04 -3.25844e-03 -6.01468e-03 27 38.01999 9.80212e-02
SN: d097 3 0 NULL 3 0.43708 0.00800 0.43600 0.00800 0.43600 0.00800 0 0 3.10000e-02 -9 -9 -9 -9 41.90464 31.08727 0 52935.617 1.413 -3.36978e-01 8.12570e-02 0.19820 0.12095 2.18000 0 41.95729 0.17947 1.19704e-03 -7.47538e-03 -1.93061e-02 25 35.23958 0.10656
SN: d117 3 0 NULL 3 0.30999 0.00600 0.30900 0.00600 0.30900 0.00600 0 0 2.90000e-02 -9 -9 -9 -9 24.29372 15.82327 0 52948.980 0.345 0.31640 0.15571 0.16203 0.11032 2.18000 0 41.34047 0.19377 -4.42250e-03 -2.34785e-02 -8.13626e-03 20 14.98715 0.82360
SN: d149 3 0 NULL 3 0.34315 0.00600 0.34200 0.00600 0.34200 0.00600 0 0 2.00000e-02 -9 -9 -9 -9 45.16666 34.86153 0 52954.305 0.453 -2.14311e-01 9.63247e-02 0.13746 0.10570 2.18000 0 41.59547 0.15335 -2.58236e-04 -9.42073e-03 -1.18159e-02 25 23.03966 0.63070
SN: e020 3 0 NULL 3 0.16037 0.00700 0.15900 0.00700 0.15900 0.00700 0 0 3.40000e-02 -9 -9 -9 -9 111.60997 69.30595 0 52965.723 0.499 -1.18195e-01 0.13643 0.63538 0.20616 2.18000 0 39.59137 0.19165 -7.33614e-03 -9.07100e-03 -3.18336e-02 14 7.78688 0.93204
SN: e029 3 0 NULL 3 0.33342 0.00800 0.33200 0.00800 0.33200 0.00800 0 0 3.50000e-02 -9 -9 -9 -9 33.33475 23.26911 0 52964.645 1.063 9.11275e-02 0.22920 0.26643 0.15025 2.18000 0 41.50370 0.21340 -1.38934e-02 -3.31246e-02 -1.21421e-02 8 7.61198 0.57367
SN: e132 3 0 NULL 3 0.24007 0.00600 0.23900 0.00600 0.23900 0.00600 0 0 2.60000e-02 -9 -9 -9 -9 54.61897 42.18461 0 52972.816 0.345 -1.51377e-01 0.11301 0.63473 0.16502 2.18000 0 40.44485 0.16150 -6.30817e-03 -4.82085e-03 -2.14938e-02 22 13.91243 0.92935
SN: e136 3 0 NULL 3 0.35316 0.00700 0.35200 0.00700 0.35200 0.00700 0 0 2.30000e-02 -9 -9 -9 -9 32.41920 22.44388 0 52967.086 0.672 0.24111 0.15213 0.24657 0.14595 2.18000 0 41.64690 0.18115 -8.52002e-03 -1.38672e-02 -1.56569e-02 22 19.00175 0.70112
SN: e138 3 0 NULL 3 0.61321 0.00900 0.61200 0.00900 0.61200 0.00900 0 0 3.30000e-02 -9 -9 -9 -9 20.64192 12.18633 0 52956.320 0.586 -2.36469e-01 0.13664 0.16166 0.13910 2.18000 0 42.87233 0.23647 -3.40981e-03 -1.69958e-02 -2.37728e-02 21 28.36570 0.16388
SN: e140 3 0 NULL 3 0.63224 0.00700 0.63100 0.00700 0.63100 0.00700 0 0 3.30000e-02 -9 -9 -9 -9 20.62200 17.16846 0 52965.410 1.251 -3.07314e-01 0.13106 0.33500 0.16301 2.18000 0 42.61424 0.22503 -6.87133e-03 -5.37950e-03 -3.14618e-02 25 42.22228 2.32852e-02
SN: e147 3 0 NULL 3 0.64625 0.01000 0.64500 0.01000 0.64500 0.01000 0 0 3.40000e-02 -9 -9 -9 -9 15.53655 14.19149 0 52961.152 0.582 -1.02478e-01 0.13063 0.11715 9.90491e-02 2.18000 0 42.77015 0.17630 -3.50207e-03 -1.38605e-02 -1.00938e-02 24 24.36851 0.49817
SN: e148 3 0 NULL 3 0.43008 0.00600 0.42900 0.00600 0.42900 0.00600 0 0 3.30000e-02 -9 -9 -9 -9 35.51587 26.04167 0 52976.051 0.403 0.11472 0.13078 6.14472e-02 5.79034e-02 2.18000 0 41.98722 0.14501 -1.45213e-03 -1.62984e-02 -2.57911e-03 21 31.89297 7.92391e-02
SN: e149 3 0 NULL 3 0.49813 0.00600 0.49700 0.00600 0.49700 0.00600 0 0 3.20000e-02 -9 -9 -9 -9 18.20595 15.33968 0 52950.242 0.463 -1.22696e-01 0.13662 0.20299 0.13683 2.18000 0 42.25437 0.20459 -4.54762e-03 -1.52898e-02 -1.85772e-02 28 37.47531 0.13445
SN: f011 3 0 NULL 3 0.54032 0.00400 0.53900 0.00400 0.53900 0.00400 0 0 2.00000e-02 -9 -9 -9 -9 21.34687 17.03135 0 52985.344 0.702 1.61071e-02 0.19695 0.18950 0.12318 2.18000 0 42.55603 0.20671 -1.09423e-02 -2.42928e-02 -1.11100e-02 14 17.07478 0.31441
SN: f231 3 0 NULL 3 0.62092 0.00800 0.61900 0.00800 0.61900 0.00800 0 0 2.90000e-02 -9 -9 -9 -9 15.92883 12.77764 0 52985.516 0.414 -3.04883e-01 0.14446 0.16284 0.11763 2.18000 0 42.95512 0.19918 -3.57704e-03 -1.53107e-02 -1.62729e-02 19 19.15282 0.51191
SN: f244 3 0 NULL 3 0.54120 0.00400 0.54000 0.00400 0.54000 0.00400 0 0 2.70000e-02 -9 -9 -9 -9 18.81417 11.27120 0 52985.504 0.999 -8.21917e-02 0.20807 0.15827 0.11670 2.18000 0 42.69765 0.22423 -6.22272e-03 -3.28996e-02 -1.23416e-02 13 22.22004 7.42048e-02
SN: g005 3 0 NULL 3 0.21944 0.00700 0.21800 0.00700 0.21800 0.00700 0 0 2.80000e-02 -9 -9 -9 -9 74.59391 62.09227 0 53294.137 0.575 -3.11113e-01 6.44861e-02 0.36030 0.16672 2.18000 0 40.43021 0.17098 -1.48490e-04 -3.93193e-03 -2.61282e-02 23 12.32595 0.97598
SN: g050 3 0 NULL 3 0.63492 0.00600 0.63300 0.00600 0.63300 0.00600 0 0 2.40000e-02 -9 -9 -9 -9 18.16801 15.41483 0 53301.680 0.708 -8.18612e-02 0.18462 0.24985 0.15715 2.18000 0 42.36729 0.22834 -1.22002e-02 -2.25634e-02 -1.91665e-02 13 28.64128 1.16815e-02
SN: g052 3 0 NULL 3 0.38463 0.00800 0.38300 0.00800 0.38300 0.00800 0 0 3.10000e-02 -9 -9 -9 -9 27.23871 25.07340 0 53297.633 0.409 0.16927 0.14832 6.10954e-02 6.03560e-02 2.18000 0 41.74500 0.16638 -1.13184e-03 -2.19940e-02 -2.92064e-03 14 19.20689 0.20451
SN: g055 3 0 NULL 3 0.30337 0.00600 0.30200 0.00600 0.30200 0.00600 0 0 2.80000e-02 -9 -9 -9 -9 16.58512 15.37192 0 53285.062 1.440 -3.66160e-01 8.29855e-02 0.87626 0.25361 2.18000 0 41.40493 0.26323 2.88624e-04 -5.81111e-03 -6.34138e-02 22 34.14433 6.30998e-02
SN: g097 3 0 NULL 3 0.34158 0.00400 0.34000 0.00400 0.34000 0.00400 0 0 3.10000e-02 -9 -9 -9 -9 33.77085 24.88919 0 53298.551 0.497 -2.95548e-01 0.12147 0.41394 0.19977 2.18000 0 41.39701 0.24094 -9.69122e-04 -1.23869e-02 -4.20159e-02 14 13.89633 0.53341
SN: g120 3 0 NULL 3 0.51160 0.00900 0.51000 0.00900 0.51000 0.00900 0 0 2.90000e-02 -9 -9 -9 -9 27.80012 22.35423 0 53298.508 0.815 -1.22971e-01 0.11588 0.29455 0.14132 2.18000 0 42.00065 0.20758 -2.10423e-03 -1.07016e-02 -2.39556e-02 27 49.78400 6.83586e-03
SN: g142 3 0 NULL 3 0.40066 0.00300 0.39900 0.00300 0.39900 0.00300 0 0 2.80000e-02 -9 -9 -9 -9 18.72765 15.36025 0 53296.191 0.805 0.58831 0.23508 0.26335 0.18943 2.18000 0 41.81311 0.23845 -2.47001e-02 -3.50910e-02 -1.28285e-02 23 32.75188 0.10942
SN: g160 3 0 NULL 3 0.49413 0.00300 0.49300 0.00300 0.49300 0.00300 0 0 3.00000e-02 -9 -9 -9 -9 24.34587 15.82542 0 53282.996 0.566 -3.48053e-01 9.48216e-02 0.26231 0.17417 2.18000 0 42.29455 0.25969 1.45339e-03 -1.15080e-02 -4.10427e-02 16 16.44292 0.49268
SN: g240 3 0 NULL 3 0.68900 0.00500 0.68700 0.00500 0.68700 0.00500 0 0 3.00000e-02 -9 -9 -9 -9 14.68771 13.51132 0 53306.668 0.736 -2.59491e-01 0.15328 0.11841 9.61981e-02 2.18000 0 43.01844 0.20567 -2.99978e-03 -2.18553e-02 -1.03670e-02 16 21.83007 0.19134
SN: h283 3 0 NULL 3 0.50332 0.00800 0.50200 0.00800 0.50200 0.00800 0 0 2.70000e-02 -9 -9 -9 -9 29.14945 14.87551 0 53320.902 1.178 0.38714 0.22346 0.22268 0.16237 2.18000 0 42.19341 0.24390 -1.76475e-02 -3.45857e-02 -1.36361e-02 21 39.03200 1.39933e-02
SN: h300 3 0 NULL 3 0.68827 0.01200 0.68700 0.01200 0.68700 0.01200 0 0 2.90000e-02 -9 -9 -9 -9 18.15441 13.59966 0 53309.047 0.732 -2.33784e-01 0.13060 0.17758 0.14376 2.18000 0 42.94375 0.23136 -5.15792e-03 -1.18260e-02 -2.52862e-02 22 21.09166 0.57549
SN: h319 3 0 NULL 3 0.49629 0.00400 0.49500 0.00400 0.49500 0.00400 0 0 2.10000e-02 -9 -9 -9 -9 29.91315 19.46922 0 53336.504 0.459 -2.94000e-01 0.13496 0.18357 0.11846 2.18000 0 42.34518 0.19202 -1.47817e-03 -1.52438e-02 -1.66915e-02 15 14.60404 0.55381
SN: h323 3 0 NULL 3 0.60423 0.00600 0.60300 0.00600 0.60300 0.00600 0 0 3.50000e-02 -9 -9 -9 -9 20.37698 9.97100 0 53328.074 0.775 -9.06370e-02 0.16253 0.21733 0.13910 2.18000 0 42.78968 0.22437 -7.96410e-03 -1.87179e-02 -1.87501e-02 16 19.61701 0.29429
SN: h342 3 0 NULL 3 0.42207 0.00200 0.42100 0.00200 0.42100 0.00200 0 0 2.90000e-02 -9 -9 -9 -9 33.04922 23.62350 0 53326.934 1.158 -4.07539e-01 7.90302e-02 8.44863e-02 7.42083e-02 2.18000 0 42.15200 0.11944 2.22269e-04 -5.85784e-03 -6.71078e-03 23 14.90869 0.92340
SN: h359 3 0 NULL 3 0.34916 0.00400 0.34800 0.00400 0.34800 0.00400 0 0 2.10000e-02 -9 -9 -9 -9 32.77697 23.10114 0 53341.754 0.421 -1.69154e-01 0.10742 0.26636 0.15321 2.18000 0 41.84270 0.19538 -1.32869e-03 -9.43700e-03 -2.51260e-02 18 13.44270 0.81516
SN: h363 3 0 NULL 3 0.21406 0.00600 0.21300 0.00600 0.21300 0.00600 0 0 2.50000e-02 -9 -9 -9 -9 66.18111 35.71857 0 53338.703 0.266 5.91986e-02 0.11921 0.51837 0.21986 2.18000 0 40.48631 0.21983 -6.37425e-03 -8.28149e-03 -4.03819e-02 19 10.11870 0.96597
SN: h364 3 0 NULL 3 0.34503 0.00700 0.34400 0.00700 0.34400 0.00700 0 0 3.40000e-02 -9 -9 -9 -9 38.81976 30.86699 0 53332.891 0.410 -1.17405e-01 0.10375 9.48776e-02 8.43763e-02 2.18000 0 41.31600 0.14298 -5.58346e-04 -1.07851e-02 -7.26086e-03 19 10.95463 0.94739
SN: k425 3 0 NULL 3 0.27534 0.00300 0.27400 0.00300 0.27400 0.00300 0 0 2.90000e-02 -9 -9 -9 -9 36.93806 33.08588 0 53335.207 0.337 0.19509 0.18571 0.25316 0.16257 2.18000 0 40.79624 0.19954 -1.28124e-02 -2.26930e-02 -1.42935e-02 12 11.51571 0.56770
SN: k429 3 0 NULL 3 0.18192 0.00800 0.18100 0.00800 0.18100 0.00800 0 0 3.10000e-02 -9 -9 -9 -9 125.91268 78.87847 0 53350.449 0.523 -1.39385e-01 0.10310 0.15327 0.11317 2.18000 0 39.83351 0.13646 -1.10074e-03 -8.94709e-03 -1.04058e-02 10 3.07221 0.98974
SN: k448 3 0 NULL 3 0.40250 0.00500 0.40100 0.00500 0.40100 0.00500 0 0 3.20000e-02 -9 -9 -9 -9 15.11024 11.92642 0 53356.562 0.816 -1.34503e-01 0.24419 0.37623 0.22172 2.18000 0 42.30558 0.30207 -1.09395e-02 -3.82796e-02 -4.75917e-02 11 6.91670 0.86307
SN: k485 3 0 NULL 3 0.41722 0.00500 0.41600 0.00500 0.41600 0.00500 0 0 2.40000e-02 -9 -9 -9 -9 12.94853 11.70103 0 53349.844 1.162 -1.14208e-01 0.24237 1.06041 0.24721 2.18000 0 41.78772 0.27058 -2.79630e-02 -2.04174e-02 -4.55537e-02 13 23.80643 4.83490e-02
SN: m027 3 0 NULL 3 0.28737 0.00600 0.28600 0.00600 0.28600 0.00600 0 0 2.80000e-02 -9 -9 -9 -9 25.18175 22.59845 0 53639.410 1.502 -1.47537e-01 0.14163 0.32459 0.19582 2.18000 0 41.50760 0.22547 -3.69593e-03 -1.30800e-02 -3.59116e-02 7 7.25112 0.50980
SN: m158 3 0 NULL 3 0.46473 0.00700 0.46300 0.00700 0.46300 0.00700 0 0 3.10000e-02 -9 -9 -9 -9 20.43789 12.87864 0 53657.289 0.713 -3.18264e-01 0.11336 0.37739 0.17553 2.18000 0 42.32066 0.25383 -1.10490e-04 -1.31979e-02 -3.86880e-02 14 15.90119 0.38865
SN: m193 3 0 NULL 3 0.34203 0.00900 0.34100 0.00900 0.34100 0.00900 0 0 2.80000e-02 -9 -9 -9 -9 42.82084 29.50301 0 53662.887 0.559 -1.99892e-01 0.13835 0.12446 9.19713e-02 2.18000 0 41.26919 0.20911 -1.59699e-03 -2.48152e-02 -7.27912e-03 20 11.69859 0.94740
SN: n256 3 0 NULL 3 0.63226 0.01200 0.63100 0.01200 0.63100 0.01200 0 0 3.00000e-02 -9 -9 -9 -9 26.00242 17.75499 0 53696.559 0.958 -3.51650e-01 0.12172 0.15960 0.12815 2.18000 0 42.95800 0.19440 -3.91294e-03 -7.85322e-03 -2.02190e-02 13 14.51835 0.41185
SN: n263 3 0 NULL 3 0.36920 0.00700 0.36800 0.00700 0.36800 0.00700 0 0 2.60000e-02 -9 -9 -9 -9 52.98280 24.52095 0 53700.961 0.834 -1.94585e-01 0.10850 6.70489e-02 6.18901e-02 2.18000 0 41.68389 0.12011 -5.31245e-04 -1.00487e-02 -3.90054e-03 14 22.43187 9.69699e-02
SN: n278 3 0 NULL 3 0.31055 0.00600 0.30900 0.00600 0.30900 0.00600 0 0 4.00000e-02 -9 -9 -9 -9 51.81150 40.62051 0 53701.555 0.725 4.89314e-02 0.15504 0.12969 0.10675 2.18000 0 41.11513 0.15878 -4.13082e-03 -1.67276e-02 -8.62999e-03 9 6.77766 0.74625
SN: n285 3 0 NULL 3 0.52982 0.00600 0.52800 0.00600 0.52800 0.00600 0 0 3.70000e-02 -9 -9 -9 -9 12.60811 11.37543 0 53687.797 1.579 -2.17792e-01 0.19478 0.24117 0.15394 2.18000 0 42.57452 0.26456 -5.37803e-03 -2.96973e-02 -2.69969e-02 9 11.90700 0.29133
SN: n326 3 0 NULL 3 0.26950 0.00600 0.26800 0.00600 0.26800 0.00600 0 0 3.00000e-02 -9 -9 -9 -9 45.13119 29.31060 0 53709.969 0.436 0.93777 0.19938 8.94093e-02 8.35948e-02 2.18000 0 40.48101 0.23178 -5.23965e-03 -4.21685e-02 -1.43491e-03 11 20.17769 6.37984e-02
SN: n404 3 0 NULL 3 0.21692 0.00800 0.21600 0.00800 0.21600 0.00800 0 0 2.90000e-02 -9 -9 -9 -9 62.50543 45.05220 0 53712.863 0.319 -4.50215e-02 0.14335 0.53371 0.22714 2.18000 0 40.65161 0.20027 -1.46110e-02 -4.57687e-03 -3.63663e-02 12 11.69297 0.55297
SN: p454 3 0 NULL 3 0.69647 0.01000 0.69500 0.01000 0.69500 0.01000 0 0 2.30000e-02 -9 -9 -9 -9 16.98985 13.59968 0 53704.535 1.270 3.82035e-02 0.16533 0.13160 0.11510 2.18000 0 43.21812 0.19174 -8.16517e-03 -1.77966e-02 -1.04023e-02 17 33.09105 1.62719e-02
SN: p455 3 0 NULL 3 0.28510 0.00600 0.28400 0.00600 0.28400 0.00600 0 0 2.00000e-02 -9 -9 -9 -9 54.73452 40.33148 0 53721.035 0.221 -1.75515e-01 0.18142 0.17046 0.13124 2.18000 0 41.17442 0.18536 -6.42682e-03 -2.22140e-02 -1.28270e-02 13 6.80174 0.94208
SN: p524 3 0 NULL 3 0.50915 0.00100 0.50800 0.00100 0.50800 0.00100 0 0 3.50000e-02 -9 -9 -9 -9 24.94826 19.80441 0 53718.746 0.393 -3.06659e-01 0.15023 0.18038 0.12355 2.18000 0 42.42086 0.20833 -2.53580e-03 -1.88421e-02 -1.76923e-02 12 9.75311 0.71399
