# VERSION_SNANA      = v11_02g 
# VERSION_PHOTOMETRY = HST_Riess06 
# SNANA_VERSION : v11_02g 
# TABLE NAME: FITRES 
# 
VARNAMES:  CID IDSURVEY TYPE FIELD CUTFLAG_SNANA zHEL zHELERR zCMB zCMBERR zHD zHDERR VPEC VPECERR MWEBV HOST_LOGMASS HOST_LOGMASS_ERR HOST_sSFR HOST_sSFR_ERR SNRMAX1 SNRMAX2 SNRMAX3 PKMJD PKMJDERR DELTA DELTAERR AV AVERR RV RVERR DLMAG DLMAGERR COV_DELTA_AV COV_DELTA_DLMAG COV_AV_DLMAG NDOF FITCHI2 FITPROB 
#
SN: Anguta 100 0 NULL 3 0.67200 0.00100 0.67000 0.00100 0.67000 0.00100 0 0 1.00000e-02 -9 -9 -9 -9 109.18000 36.41322 27.52727 52681.156 2.833 0.21267 0.15921 0.22155 0.15372 2.18000 0 43.11309 0.22117 -7.65359e-03 -2.18509e-02 -1.47331e-02 8 6.07270 0.73262
SN: Aphrodite 100 0 NULL 3 1.30275 0.00100 1.30000 0.00100 1.30000 0.00100 0 0 1.00000e-02 -9 -9 -9 -9 27.60759 22.62500 14.09938 52551.949 1.106 -1.33187e-01 0.12250 0.20362 0.11409 2.18000 0 44.99438 0.12811 -9.83662e-03 -1.71645e-03 -8.89678e-03 12 13.49560 0.41030
SN: Bilbo 100 0 NULL 3 0.21746 0.00100 0.21600 0.00100 0.21600 0.00100 0 0 1.00000e-02 -9 -9 -9 -9 109.42564 109.33929 108.86567 52638.730 0.672 -2.09083e-01 0.16166 0.99209 0.21703 2.18000 0 40.44517 0.22238 -1.48923e-02 -1.78212e-02 -2.66486e-02 3 6.63642 0.15640
SN: Borg 100 0 NULL 3 1.34280 0.00100 1.34000 0.00100 1.34000 0.00100 0 0 1.00000e-02 -9 -9 -9 -9 27.72131 16.20408 16.04132 52734.344 3.270 -2.71755e-01 0.17258 0.40372 0.16019 2.18000 0 44.93729 0.20279 -1.62837e-02 -3.57883e-03 -2.16221e-02 9 8.87271 0.54423
SN: Eagle 100 0 NULL 3 1.02242 0.00100 1.02000 0.00100 1.02000 0.00100 0 0 1.00000e-02 -9 -9 -9 -9 54.60294 22.20661 15.99559 53293.703 1.277 -1.05131e-01 0.12635 0.15231 0.10240 2.18000 0 44.29574 0.15670 -4.92873e-03 -9.54713e-03 -9.70957e-03 7 10.58941 0.22607
SN: Elvis 100 0 NULL 3 0.84220 0.00100 0.84000 0.00100 0.84000 0.00100 0 0 1.00000e-02 -9 -9 -9 -9 110.26923 109.33334 107.14286 52783.586 1.773 0.12510 0.14909 0.16868 0.11782 2.18000 0 43.44873 0.17345 -6.85188e-03 -1.27449e-02 -1.16381e-02 9 5.84430 0.82817
SN: Ferguson 100 0 NULL 3 1.02242 0.00100 1.02000 0.00100 1.02000 0.00100 0 0 1.00000e-02 -9 -9 -9 -9 36.74510 22.21379 11.33823 53465.203 2.760 -8.16339e-02 0.15678 0.22258 0.16109 2.18000 0 44.07763 0.23075 -7.44345e-03 -1.25521e-02 -2.58142e-02 6 4.57861 0.71123
SN: Frodo 100 0 NULL 3 0.73708 0.00100 0.73500 0.00100 0.73500 0.00100 0 0 1.00000e-02 -9 -9 -9 -9 107.98181 54.96491 36.44828 52645.219 0.431 0.11025 0.15570 0.24212 0.14953 2.18000 0 43.05164 0.17683 -1.36316e-02 -1.11442e-02 -1.28392e-02 5 8.37728 0.21174
SN: Gabi 100 0 NULL 3 1.12254 0.00100 1.12000 0.00100 1.12000 0.00100 0 0 1.00000e-02 -9 -9 -9 -9 36.81053 22.32394 15.99559 53487.695 1.075 -1.63340e-01 0.12433 8.97399e-02 7.66426e-02 2.18000 0 44.55320 0.14894 -2.30686e-03 -1.23162e-02 -6.05384e-03 6 10.94162 0.14119
SN: Greenburg 100 0 NULL 3 1.14256 0.00100 1.14000 0.00100 1.14000 0.00100 0 0 1.00000e-02 -9 -9 -9 -9 54.91398 27.67669 22.20968 53261.086 2.274 -4.63875e-01 7.02237e-02 8.47683e-02 7.44387e-02 2.18000 0 44.39554 0.13484 -2.80444e-04 -3.56465e-03 -7.64081e-03 11 17.64367 0.12695
SN: Hawk 100 0 NULL 3 0.49178 0.00100 0.49000 0.00100 0.49000 0.00100 0 0 1.00000e-02 -9 -9 -9 -9 108.10769 56.33333 27.25000 53301.477 0.523 -3.21511e-01 0.16212 0.20479 0.15955 2.18000 0 42.43497 0.26829 -4.10004e-03 -3.23278e-02 -2.14357e-02 3 4.28930 0.36827
SN: Inanna 100 0 NULL 3 1.30976 0.00100 1.30700 0.00100 1.30700 0.00100 0 0 1.00000e-02 -9 -9 -9 -9 18.84848 11.45000 10.43529 52659.141 2.423 5.24109e-02 0.23920 0.35275 0.18904 2.18000 0 45.24238 0.25483 -3.08164e-02 -2.82576e-02 -1.21056e-02 3 3.31758 0.50615
SN: Isis 100 0 NULL 3 0.52783 0.00100 0.52600 0.00100 0.52600 0.00100 0 0 1.00000e-02 -9 -9 -9 -9 55.18293 36.89423 36.80597 52589.219 0.908 -4.10561e-01 8.53129e-02 0.52254 0.17802 2.18000 0 43.22199 0.22416 -2.01069e-03 -5.97358e-03 -3.51946e-02 9 7.45654 0.68176
SN: Koekemoer 100 0 NULL 3 1.23267 0.00100 1.23000 0.00100 1.23000 0.00100 0 0 1.00000e-02 -9 -9 -9 -9 22.12821 18.70000 16.14000 53456.180 3.502 -2.62169e-01 0.13868 0.11737 9.90201e-02 2.18000 0 45.06885 0.21924 -2.08631e-03 -1.68410e-02 -1.00746e-02 6 6.16972 0.52008
SN: Lancaster 100 0 NULL 3 1.23267 0.00100 1.23000 0.00100 1.23000 0.00100 0 0 1.00000e-02 -9 -9 -9 -9 22.21739 18.77778 18.61403 53433.332 2.005 0.19891 0.18174 0.21694 0.13437 2.18000 0 45.04612 0.14201 -1.91083e-02 -9.25825e-03 -4.84595e-03 11 11.80705 0.46130
SN: Manipogo 100 0 NULL 3 0.85622 0.00100 0.85400 0.00100 0.85400 0.00100 0 0 1.00000e-02 -9 -9 -9 -9 55.02597 27.75540 -99 53149.594 1.494 0.21064 0.15530 0.14347 0.12986 2.18000 0 43.56735 0.23629 -3.07320e-03 -2.33968e-02 -1.97071e-02 5 8.35174 0.21345
SN: Mcenroe 100 0 NULL 3 0.90228 0.00100 0.90000 0.00100 0.90000 0.00100 0 0 1.00000e-02 -9 -9 -9 -9 109.71053 54.80357 -99 52737.367 1.681 -1.40952e-01 9.08344e-02 0.62642 0.19790 2.18000 0 42.77939 0.29506 -1.72651e-04 -8.12148e-03 -5.50217e-02 14 9.98902 0.82043
SN: Mcguire 100 0 NULL 3 1.37284 0.00100 1.37000 0.00100 1.37000 0.00100 0 0 1.00000e-02 -9 -9 -9 -9 27.61290 22.29348 22.28572 53250.781 2.425 -3.11520e-01 0.11320 8.91227e-02 7.51764e-02 2.18000 0 45.14832 0.15161 -2.41838e-03 -1.00483e-02 -4.30927e-03 8 11.33360 0.25353
SN: Nanna 100 0 NULL 3 1.14256 0.00100 1.14000 0.00100 1.14000 0.00100 0 0 1.00000e-02 -9 -9 -9 -9 27.60194 11.33945 4.86545 52601.418 3.086 7.48819e-02 0.19881 6.46211e-02 6.11975e-02 2.18000 0 44.73970 0.25000 -1.34991e-03 -4.43891e-02 -3.71371e-03 4 10.23410 6.88674e-02
SN: Ombo 100 0 NULL 3 0.97757 0.00100 0.97520 0.00100 0.97520 0.00100 0 0 1.00000e-02 -9 -9 -9 -9 36.79612 27.73099 22.20588 53367.129 1.031 -4.23000e-01 9.52529e-02 0.30697 0.13658 2.18000 0 44.23093 0.17411 -5.38310e-03 -7.07513e-04 -2.08729e-02 11 13.49080 0.33440
SN: Patuxent 100 0 NULL 3 0.97236 0.00100 0.97000 0.00100 0.97000 0.00100 0 0 1.00000e-02 -9 -9 -9 -9 27.81905 27.77049 -99 53198.730 2.363 -2.32956e-01 0.17839 0.13219 0.12740 2.18000 0 44.49550 0.23031 -3.60610e-03 -2.33578e-02 -2.05171e-02 2 2.56761 0.46320
SN: Qiqirn 100 0 NULL 3 0.64196 0.00100 0.64000 0.00100 0.64000 0.00100 0 0 1.00000e-02 -9 -9 -9 -9 108.24561 36.60345 36.08696 52674.688 3.153 3.54682e-02 0.19589 0.23784 0.18149 2.18000 0 42.95841 0.28326 -1.05648e-02 -3.39160e-02 -2.10251e-02 4 9.81635 8.06092e-02
SN: Rakke 100 0 NULL 3 0.74208 0.00100 0.74000 0.00100 0.74000 0.00100 0 0 1.00000e-02 -9 -9 -9 -9 55.01316 54.79390 22.28000 53352.074 2.508 1.93049e-02 0.12373 0.15139 9.57685e-02 2.18000 0 43.24726 0.16907 -6.42632e-04 -1.31075e-02 -1.00859e-02 12 7.37941 0.88156
SN: Ramone 100 0 NULL 3 0.95634 0.00100 0.95400 0.00100 0.95400 0.00100 0 0 1.00000e-02 -9 -9 -9 -9 55.08475 36.36508 14.09272 52768.410 2.430 -3.01167e-02 0.16386 9.05958e-02 8.61369e-02 2.18000 0 44.16870 0.23972 -1.86184e-03 -2.98090e-02 -7.28244e-03 5 5.97954 0.42549
SN: Sasquatch 100 0 NULL 3 1.39286 0.00100 1.39000 0.00100 1.39000 0.00100 0 0 1.00000e-02 -9 -9 -9 -9 16.14000 15.90123 11.38462 53140.613 3.987 -2.41594e-01 0.20332 0.51586 0.16637 2.18000 0 44.84590 0.19193 -2.27468e-02 -5.35211e-03 -1.51840e-02 9 16.86846 7.73259e-02
SN: Spock 100 0 NULL 3 0.84120 0.00100 0.83900 0.00100 0.83900 0.00100 0 0 1.00000e-02 -9 -9 -9 -9 36.55209 27.87356 4.87097 53399.277 0.712 4.77595e-02 0.17902 0.18989 0.12354 2.18000 0 43.18000 0.27870 -6.63624e-03 -3.98369e-02 -1.08192e-02 13 6.51266 0.95187
SN: Strolger 100 0 NULL 3 1.01241 0.00100 1.01000 0.00100 1.01000 0.00100 0 0 1.00000e-02 -9 -9 -9 -9 36.74468 27.64647 9.56604 53472.043 2.871 -2.57697e-01 0.15327 0.12424 9.75913e-02 2.18000 0 44.54320 0.18011 -2.88236e-03 -1.37279e-02 -1.14378e-02 6 4.88411 0.67410
SN: Thames 100 0 NULL 3 0.95634 0.00100 0.95400 0.00100 0.95400 0.00100 0 0 1.00000e-02 -9 -9 -9 -9 36.73077 22.20619 16.02985 53179.422 2.196 -5.63987e-02 0.17921 0.21822 0.14225 2.18000 0 44.05896 0.27363 -5.37730e-03 -3.39141e-02 -1.78280e-02 7 6.36631 0.60627
SN: Thoth 100 0 NULL 3 1.30776 0.00100 1.30500 0.00100 1.30500 0.00100 0 0 1.00000e-02 -9 -9 -9 -9 33.37037 16.04132 -99 52569.715 2.908 -9.29879e-03 0.19628 0.26846 0.19011 2.18000 0 44.70804 0.28684 -1.62553e-02 -1.97641e-02 -3.35279e-02 5 9.75465 0.13537
SN: Torngasak 100 0 NULL 3 1.26771 0.00100 1.26500 0.00100 1.26500 0.00100 0 0 1.00000e-02 -9 -9 -9 -9 22.23333 22.18919 18.64486 52692.113 3.025 -1.37003e-01 0.22367 0.35436 0.18282 2.18000 0 44.81857 0.22675 -2.62415e-02 -7.48012e-03 -2.60119e-02 7 6.34254 0.60892
SN: Vilas 100 0 NULL 3 0.93732 0.00100 0.93500 0.00100 0.93500 0.00100 0 0 1.00000e-02 -9 -9 -9 -9 110.04347 22.24272 -99 52720.371 0.656 -7.59371e-02 0.13432 0.29340 0.20853 2.18000 0 43.43348 0.34795 6.96085e-05 -2.51363e-02 -6.06232e-02 9 15.50690 0.11465
SN: Yowie 100 0 NULL 3 0.46175 0.00100 0.46000 0.00100 0.46000 0.00100 0 0 1.00000e-02 -9 -9 -9 -9 109.23077 108.73684 -99 53130.730 4.023 -5.23106e-02 0.17468 0.34559 0.22915 2.18000 0 42.24310 0.32993 -2.49419e-03 -4.18739e-02 -3.81196e-02 6 5.62679 0.58394
SN: Zwicky 100 0 NULL 3 0.52282 0.00100 0.52100 0.00100 0.52100 0.00100 0 0 1.00000e-02 -9 -9 -9 -9 109.13380 54.81416 54.77419 53407.625 1.452 -2.86432e-01 0.12763 0.28572 0.13661 2.18000 0 42.36885 0.18375 -2.88575e-03 -1.21400e-02 -1.84269e-02 7 13.77200 8.79053e-02
