# VERSION_SNANA      = v11_02g 
# VERSION_PHOTOMETRY = LOWZ_JRK07 
# SNANA_VERSION : v11_02g 
# TABLE NAME: FITRES 
# 
VARNAMES:  CID IDSURVEY TYPE FIELD CUTFLAG_SNANA zHEL zHELERR zCMB zCMBERR zHD zHDERR VPEC VPECERR MWEBV HOST_LOGMASS HOST_LOGMASS_ERR HOST_sSFR HOST_sSFR_ERR SNRMAX1 SNRMAX2 SNRMAX3 PKMJD PKMJDERR DELTA DELTAERR AV AVERR RV RVERR DLMAG DLMAGERR COV_DELTA_AV COV_DELTA_DLMAG COV_AV_DLMAG NDOF FITCHI2 FITPROB 
#
SN: 2000ca 50 0 NULL 3 0.02357 0.00010 0.02450 0.00010 0.02450 0.00010 0 0 6.70000e-02 -9 -9 -9 -9 108.57409 98.70451 90.48126 51666.363 0.381 -1.90589e-01 4.78138e-02 1.67429e-02 1.59530e-02 2.18000 0 35.28157 4.92635e-02 -1.02667e-04 -1.84352e-03 -1.49185e-04 54 18.89590 1.00000
SN: 2000cf 50 0 NULL 3 0.03647 0.00010 0.03650 0.00010 0.03650 0.00010 0 0 3.20000e-02 -9 -9 -9 -9 120.63768 83.51850 72.38360 51671.684 0.694 1.89594e-02 6.38844e-02 9.30100e-02 5.52465e-02 2.18000 0 36.35730 6.14426e-02 -1.05078e-03 -2.46340e-03 -1.26781e-03 67 11.80955 1
SN: 2000cn 50 0 NULL 3 0.02349 0.00010 0.02320 0.00010 0.02320 0.00010 0 0 5.70000e-02 -9 -9 -9 -9 98.70314 72.38272 63.86576 51707.742 0.127 0.74974 5.72149e-02 5.78684e-02 4.97487e-02 2.18000 0 35.15160 4.59982e-02 -2.23698e-03 -1.46837e-03 1.20530e-04 57 28.80918 0.99953
SN: 2000dk 50 0 NULL 3 0.01740 0.00010 0.01640 0.00010 0.01640 0.00010 0 0 7.00000e-02 -9 -9 -9 -9 155.10712 135.71768 98.70377 51812.047 0.262 0.41307 5.26506e-02 2.03069e-02 1.97847e-02 2.18000 0 34.48956 5.36819e-02 -4.17522e-04 -2.28260e-03 2.44780e-05 41 32.20005 0.86251
SN: 2000fa 50 0 NULL 3 0.02127 0.00010 0.02180 0.00010 0.02180 0.00010 0 0 6.90000e-02 -9 -9 -9 -9 155.10709 108.57430 98.70341 51892.098 0.163 -1.17387e-01 7.59493e-02 0.34781 6.42838e-02 2.18000 0 34.98949 8.15305e-02 -2.58723e-03 -3.92426e-03 -1.05311e-03 31 18.48460 0.97286
SN: 2001ay 50 0 NULL 3 0.03022 0.00010 0.03090 0.00010 0.03090 0.00010 0 0 1.90000e-02 -9 -9 -9 -9 361.91672 271.43359 135.71428 52023.637 0.655 -6.39911e-01 3.84758e-02 0.61601 4.25352e-02 2.18000 0 35.85489 5.53262e-02 9.44682e-06 -1.07592e-03 -1.87265e-03 63 73.88503 0.18656
SN: 2001ba 50 0 NULL 3 0.02936 0.00010 0.03050 0.00010 0.03050 0.00010 0 0 6.40000e-02 -9 -9 -9 -9 72.38190 63.86586 47.20471 52034.203 0.333 -1.28944e-01 3.79996e-02 7.96239e-03 9.55330e-03 2.18000 0 35.89692 4.18030e-02 -2.74297e-05 -1.34231e-03 -7.36364e-05 93 31.40204 1
SN: 2001bt 50 0 NULL 3 0.01459 0.00010 0.01440 0.00010 0.01440 0.00010 0 0 6.50000e-02 -9 -9 -9 -9 180.95755 108.57377 98.70403 52064.043 0.214 0.10474 5.44065e-02 0.52083 4.85784e-02 2.18000 0 33.95153 5.84852e-02 -1.12177e-03 -1.98185e-03 -9.04990e-04 75 32.07219 1.00000
SN: 2001cn 50 0 NULL 3 0.01547 0.00010 0.01540 0.00010 0.01540 0.00010 0 0 5.90000e-02 -9 -9 -9 -9 217.15359 135.71965 135.71722 52070.988 0.577 2.69478e-02 4.21346e-02 0.37062 4.69841e-02 2.18000 0 34.11634 5.09384e-02 -5.70558e-04 -1.30205e-03 -6.92583e-04 91 15.80897 1
SN: 2001cz 50 0 NULL 3 0.01533 0.00010 0.01630 0.00010 0.01630 0.00010 0 0 9.20000e-02 -9 -9 -9 -9 180.95604 108.57330 83.51859 52103.945 0.284 -9.74242e-02 5.25296e-02 0.26621 5.42277e-02 2.18000 0 34.25926 6.34911e-02 -9.30363e-04 -1.84426e-03 -1.58292e-03 48 7.69280 1
SN: 2001V 50 0 NULL 3 0.01516 0.00010 0.01620 0.00010 0.01620 0.00010 0 0 2.00000e-02 -9 -9 -9 -9 282.41022 232.83401 204.40724 51973.016 0.087 -2.96575e-01 2.89406e-02 0.18604 2.71731e-02 2.18000 0 34.06105 3.70188e-02 -3.19161e-04 -6.15316e-04 -4.32749e-04 151 73.85857 1
SN: 2002bf 50 0 NULL 3 0.02414 0.00010 0.02470 0.00010 0.02470 0.00010 0 0 1.10000e-02 -9 -9 -9 -9 60.31838 37.43935 31.93328 52337.680 0.464 -1.82253e-01 7.45600e-02 0.38108 7.87861e-02 2.18000 0 35.40486 9.27593e-02 -2.38817e-03 -4.08644e-03 -3.23423e-03 50 43.01782 0.77901
SN: 1990af 50 0 NULL 3 0.05060 0.00010 0.05020 0.00010 0.05020 0.00010 0 0 3.50000e-02 -9 -9 -9 -9 36.19237 35.02434 -99 48195.422 0.390 0.46891 8.63970e-02 2.05041e-02 2.26807e-02 2.18000 0 36.78810 0.10262 -4.01325e-04 -8.23947e-03 -1.97487e-04 24 12.06175 0.98606
SN: 1990O 50 0 NULL 3 0.03066 0.00010 0.03060 0.00010 0.03060 0.00010 0 0 9.30000e-02 -9 -9 -9 -9 36.19173 36.19083 36.19075 48076.164 0.985 -1.91748e-01 7.63393e-02 7.11537e-02 5.79185e-02 2.18000 0 35.82118 0.10205 9.39762e-06 -5.49727e-03 -2.78586e-03 19 3.46641 0.99999
SN: 1992ae 50 0 NULL 3 0.07522 0.00010 0.07480 0.00010 0.07480 0.00010 0 0 3.60000e-02 -9 -9 -9 -9 35.02219 31.93322 -99 48804.332 1.149 0.17446 0.11177 -2.50383e-03 2.19113e-03 2.18000 0 37.76395 0.11265 -1.45553e-06 -1.09001e-02 -3.94124e-06 25 13.09383 0.98312
SN: 1992ag 50 0 NULL 3 0.02488 0.00010 0.02590 0.00010 0.02590 0.00010 0 0 9.70000e-02 -9 -9 -9 -9 35.02441 35.02433 31.93341 48807.320 0.577 0.14302 7.17176e-02 0.44201 6.23490e-02 2.18000 0 35.05319 9.17500e-02 -1.07828e-03 -4.25902e-03 -2.45757e-03 40 53.87333 8.57775e-02
SN: 1992al 50 0 NULL 3 0.01460 0.00010 0.01410 0.00010 0.01410 0.00010 0 0 3.40000e-02 -9 -9 -9 -9 36.19278 36.19205 36.19193 48838.203 0.333 -5.08305e-02 5.15560e-02 2.32991e-02 2.10451e-02 2.18000 0 34.04353 5.87947e-02 -1.19816e-04 -2.51734e-03 -3.23488e-04 50 8.20180 1
SN: 1992aq 50 0 NULL 3 0.10187 0.00010 0.10090 0.00010 0.10090 0.00010 0 0 1.20000e-02 -9 -9 -9 -9 33.93037 31.93433 16.70354 48832.348 0.904 0.14303 8.97683e-02 2.42637e-02 2.36260e-02 2.18000 0 38.61375 9.92230e-02 -2.64530e-04 -7.22602e-03 -3.35223e-04 35 70.22388 5.51614e-04
SN: 1992bc 50 0 NULL 3 0.02021 0.00010 0.01980 0.00010 0.01980 0.00010 0 0 2.20000e-02 -9 -9 -9 -9 36.19280 36.19226 36.19219 48912.125 0.120 -2.48821e-01 3.54964e-02 9.28192e-03 1.10749e-02 2.18000 0 34.86277 3.92258e-02 -2.62393e-05 -1.20940e-03 -9.82857e-05 90 51.33703 0.99974
SN: 1992bg 50 0 NULL 3 0.03521 0.00010 0.03570 0.00010 0.03570 0.00010 0 0 0.18500 -9 -9 -9 -9 36.19151 36.19141 36.19062 48915.617 0.903 2.25226e-02 6.92955e-02 6.42035e-02 5.04851e-02 2.18000 0 36.12195 9.11633e-02 -6.28367e-04 -4.05333e-03 -1.08787e-03 34 10.89000 0.99997
SN: 1992bh 50 0 NULL 3 0.04500 0.00010 0.04510 0.00010 0.04510 0.00010 0 0 2.20000e-02 -9 -9 -9 -9 36.19141 36.19116 36.19040 48919.793 1.002 -7.14148e-02 7.50348e-02 0.17966 5.90774e-02 2.18000 0 36.89095 7.70410e-02 -1.26588e-03 -2.84210e-03 -2.56933e-03 35 14.36750 0.99951
SN: 1992bl 50 0 NULL 3 0.04370 0.00010 0.04290 0.00010 0.04290 0.00010 0 0 1.10000e-02 -9 -9 -9 -9 36.19117 36.19104 32.90070 48946.707 0.800 0.37804 9.04775e-02 1.98895e-02 1.90417e-02 2.18000 0 36.43996 9.95589e-02 -1.79535e-04 -7.72323e-03 -1.69495e-04 27 18.74377 0.90585
SN: 1992bo 50 0 NULL 3 0.01888 0.00010 0.01810 0.00010 0.01810 0.00010 0 0 2.70000e-02 -9 -9 -9 -9 36.19242 36.19208 36.19155 48986.266 0.136 0.53801 4.81868e-02 1.60093e-02 1.61768e-02 2.18000 0 34.77426 5.70709e-02 -2.13299e-04 -2.50963e-03 -6.39218e-06 71 38.75328 0.99954
SN: 1992bp 50 0 NULL 3 0.07935 0.00010 0.07890 0.00010 0.07890 0.00010 0 0 6.90000e-02 -9 -9 -9 -9 35.02581 33.92912 27.83910 48979.430 0.582 7.06945e-02 7.31005e-02 -2.04336e-03 2.85152e-03 2.18000 0 37.78817 7.53621e-02 -4.58576e-06 -4.64488e-03 -3.49804e-06 39 23.05922 0.98533
SN: 1992P 50 0 NULL 3 0.02519 0.00010 0.02630 0.00010 0.02630 0.00010 0 0 2.10000e-02 -9 -9 -9 -9 36.19158 36.19151 35.02526 48719.410 0.729 -1.28258e-01 8.61357e-02 9.43681e-02 5.98659e-02 2.18000 0 35.57549 9.89233e-02 -9.97512e-04 -5.36265e-03 -3.42146e-03 20 8.81854 0.99057
SN: 1993ag 50 0 NULL 3 0.04891 0.00010 0.05000 0.00010 0.05000 0.00010 0 0 0.11200 -9 -9 -9 -9 35.02374 35.02353 32.90126 49316.422 0.567 0.15192 8.76289e-02 7.27232e-02 5.56964e-02 2.18000 0 37.03044 9.34996e-02 -1.87575e-03 -5.95102e-03 -9.53979e-04 40 22.93908 0.98985
SN: 1993B 50 0 NULL 3 0.06954 0.00010 0.07070 0.00010 0.07070 0.00010 0 0 7.90000e-02 -9 -9 -9 -9 35.02420 32.90093 26.48083 49002.668 0.924 4.48862e-02 8.88861e-02 9.12650e-04 2.45544e-03 2.18000 0 37.70581 0.11359 -3.18547e-06 -8.13059e-03 -5.27150e-07 30 21.07142 0.91001
SN: 1993H 50 0 NULL 3 0.02390 0.00010 0.02480 0.00010 0.02480 0.00010 0 0 6.00000e-02 -9 -9 -9 -9 36.19238 36.19231 36.19222 49068.953 0.465 1.02282 5.76541e-02 2.37231e-02 2.25225e-02 2.18000 0 35.01800 5.57007e-02 -4.44626e-04 -2.61210e-03 -1.14597e-05 81 32.14792 1.00000
SN: 1993O 50 0 NULL 3 0.05093 0.00010 0.05190 0.00010 0.05190 0.00010 0 0 5.30000e-02 -9 -9 -9 -9 36.19233 35.02435 35.02419 49134.035 0.315 4.85922e-02 5.61929e-02 2.28439e-02 2.38397e-02 2.18000 0 37.10126 6.56542e-02 -2.58886e-04 -3.06928e-03 -2.86083e-04 57 18.09258 1.00000
SN: 1994M 50 0 NULL 3 0.02312 0.00010 0.02430 0.00010 0.02430 0.00010 0 0 2.30000e-02 -9 -9 -9 -9 54.28827 54.28611 54.28604 49474.238 0.793 0.32454 7.59699e-02 0.11023 6.22382e-02 2.18000 0 35.23201 6.77556e-02 -2.39317e-03 -2.45471e-03 -1.13835e-03 49 18.24077 0.99999
SN: 1994S 50 0 NULL 3 0.01505 0.00010 0.01600 0.00010 0.01600 0.00010 0 0 2.10000e-02 -9 -9 -9 -9 36.19241 36.19204 36.19180 49518.051 0.465 -1.55515e-01 6.87379e-02 3.54611e-02 3.08306e-02 2.18000 0 34.39060 6.67235e-02 -5.02233e-04 -3.83886e-03 -4.98297e-04 33 12.42352 0.99974
SN: 1994T 50 0 NULL 3 0.03462 0.00010 0.03570 0.00010 0.03570 0.00010 0 0 2.90000e-02 -9 -9 -9 -9 54.28754 54.28671 54.28631 49513.840 0.707 0.67843 8.98212e-02 4.69026e-02 4.39471e-02 2.18000 0 36.00648 7.85347e-02 -1.88725e-03 -5.48936e-03 -4.36535e-05 30 46.34538 3.76538e-02
SN: 1995ac 50 0 NULL 3 0.05004 0.00010 0.04880 0.00010 0.04880 0.00010 0 0 4.20000e-02 -9 -9 -9 -9 54.28839 54.28754 54.28671 49992.766 0.340 -2.64232e-01 4.48502e-02 0.20327 4.02554e-02 2.18000 0 36.52006 5.14512e-02 -4.90986e-04 -1.28541e-03 -1.11595e-03 91 54.14013 0.99943
SN: 1995ak 50 0 NULL 3 0.02275 0.00010 0.02200 0.00010 0.02200 0.00010 0 0 3.80000e-02 -9 -9 -9 -9 45.23975 43.42918 38.77754 50020.695 0.695 9.68294e-02 6.28344e-02 0.36067 7.41298e-02 2.18000 0 34.88761 7.89879e-02 -1.65491e-03 -2.62018e-03 -2.69021e-03 49 41.14451 0.80955
SN: 1995bd 50 0 NULL 3 0.01457 0.00010 0.01440 0.00010 0.01440 0.00010 0 0 0.49800 -9 -9 -9 -9 54.29011 51.70182 49.35307 50086.246 0.148 -2.68045e-01 4.79059e-02 0.67229 4.32440e-02 2.18000 0 33.98125 5.68692e-02 -3.56052e-04 -1.77114e-03 -1.04576e-03 68 37.71283 0.99922
SN: 1996ab 50 0 NULL 3 0.12371 0.00010 0.12420 0.00010 0.12420 0.00010 0 0 3.20000e-02 -9 -9 -9 -9 36.19221 36.19001 -99 50225.266 0.896 0.13499 0.11046 3.99318e-02 3.93065e-02 2.18000 0 38.92336 0.12128 -4.89960e-04 -1.11960e-02 -1.57265e-03 27 61.50514 2.60672e-04
SN: 1996bl 50 0 NULL 3 0.03599 0.00010 0.03480 0.00010 0.03480 0.00010 0 0 9.20000e-02 -9 -9 -9 -9 63.86597 51.70150 45.23807 50376.199 0.475 -1.21390e-01 6.60085e-02 0.18764 6.50511e-02 2.18000 0 36.06256 7.52834e-02 -1.45269e-03 -2.70773e-03 -2.23116e-03 40 9.65675 1.00000
SN: 1996bo 50 0 NULL 3 0.01728 0.00010 0.01630 0.00010 0.01630 0.00010 0 0 7.70000e-02 -9 -9 -9 -9 135.72046 108.57465 83.51961 50386.621 0.315 -3.79370e-02 6.84897e-02 0.82774 5.17227e-02 2.18000 0 34.17268 6.40214e-02 -1.38161e-03 -2.81105e-03 -1.07188e-03 51 63.25158 0.13636
SN: 1996bv 50 0 NULL 3 0.01664 0.00010 0.01670 0.00010 0.01670 0.00010 0 0 0.10500 -9 -9 -9 -9 108.57355 98.70435 83.51901 50403.891 1.150 -2.02996e-01 7.82559e-02 0.52717 8.53738e-02 2.18000 0 34.21274 9.65008e-02 -3.49098e-04 -4.91797e-03 -3.85567e-03 23 5.11847 0.99998
SN: 1996C 50 0 NULL 3 0.02699 0.00010 0.02750 0.00010 0.02750 0.00010 0 0 1.30000e-02 -9 -9 -9 -9 54.28709 54.28673 31.02161 50128.598 0.836 -1.50427e-01 5.38167e-02 0.22680 5.88632e-02 2.18000 0 35.87981 7.07594e-02 -3.31302e-04 -2.18587e-03 -2.46085e-03 52 14.81788 1.00000
SN: 1997dg 50 0 NULL 3 0.03089 0.00010 0.02970 0.00010 0.02970 0.00010 0 0 7.80000e-02 -9 -9 -9 -9 90.47697 63.86568 51.70068 50719.977 0.889 -1.64970e-02 9.22072e-02 0.11159 6.29737e-02 2.18000 0 36.18203 7.51504e-02 -2.23464e-03 -3.94728e-03 -1.44253e-03 24 9.05905 0.99852
SN: 1997Y 50 0 NULL 3 0.01606 0.00010 0.01660 0.00010 0.01660 0.00010 0 0 1.70000e-02 -9 -9 -9 -9 108.57520 77.55315 72.38220 50486.953 1.161 5.05217e-02 7.03537e-02 0.12330 5.49111e-02 2.18000 0 34.57929 8.04693e-02 -1.40043e-03 -2.99123e-03 -1.79244e-03 30 9.37837 0.99994
SN: 1998ab 50 0 NULL 3 0.02715 0.00010 0.02790 0.00010 0.02790 0.00010 0 0 1.70000e-02 -9 -9 -9 -9 135.71811 98.70321 77.55205 50914.289 0.247 -1.42248e-01 5.57667e-02 0.38239 4.92996e-02 2.18000 0 35.19013 6.66336e-02 -1.29211e-03 -2.28661e-03 -1.16565e-03 53 29.01538 0.99787
SN: 1998de 50 0 NULL 3 0.01668 0.00010 0.01560 0.00010 0.01560 0.00010 0 0 5.70000e-02 -9 -9 -9 -9 108.57916 72.38110 67.86056 51026.242 0.102 1.57833 3.12342e-02 0.13622 4.80824e-02 2.18000 0 34.45908 3.12801e-02 -1.14806e-03 -1.79610e-04 -5.24324e-04 145 106.50787 0.99414
SN: 1998dx 50 0 NULL 3 0.05403 0.00010 0.05370 0.00010 0.05370 0.00010 0 0 4.10000e-02 -9 -9 -9 -9 90.47804 57.14421 51.70208 51071.836 0.874 9.90860e-02 9.07049e-02 1.02602e-02 1.26891e-02 2.18000 0 37.00002 7.83548e-02 -1.31875e-04 -5.83854e-03 -4.39895e-05 20 19.66090 0.54282
SN: 1998ef 50 0 NULL 3 0.01771 0.00010 0.01670 0.00010 0.01670 0.00010 0 0 7.30000e-02 -9 -9 -9 -9 155.10527 108.57475 90.47752 51114.102 0.345 0.18050 0.10583 7.13613e-02 5.89195e-02 2.18000 0 34.11843 0.10224 -4.12994e-03 -8.50649e-03 1.21867e-03 21 12.60706 0.94354
SN: 1998eg 50 0 NULL 3 0.02475 0.00010 0.02350 0.00010 0.02350 0.00010 0 0 0.12300 -9 -9 -9 -9 98.70437 63.86597 60.31837 51110.973 1.216 4.79325e-02 0.12674 0.16299 8.02620e-02 2.18000 0 35.33882 8.17233e-02 -6.25173e-03 -5.83998e-03 -8.12517e-04 16 3.24757 0.99988
SN: 1998V 50 0 NULL 3 0.01761 0.00010 0.01720 0.00010 0.01720 0.00010 0 0 0.19600 -9 -9 -9 -9 155.10645 135.71776 98.70622 50891.742 0.735 -2.29705e-02 7.47254e-02 0.17348 6.30384e-02 2.18000 0 34.37609 6.16881e-02 -2.16583e-03 -2.02959e-03 -1.09448e-03 35 6.64483 1
SN: 1999aa 50 0 NULL 3 0.01448 0.00010 0.01530 0.00010 0.01530 0.00010 0 0 4.00000e-02 -9 -9 -9 -9 361.91907 217.14732 217.14238 51232.082 0.105 -3.00129e-01 2.01905e-02 2.46660e-02 1.73410e-02 2.18000 0 34.45715 2.70500e-02 -6.26626e-05 -3.49807e-04 -1.77813e-04 215 66.55287 1
SN: 1999aw 50 0 NULL 3 0.03792 0.00010 0.03920 0.00010 0.03920 0.00010 0 0 3.20000e-02 -9 -9 -9 -9 217.15483 217.15010 217.14798 51253.992 0.345 -4.46329e-01 3.05184e-02 1.12149e-02 1.24282e-02 2.18000 0 36.60933 3.74277e-02 -5.29113e-06 -8.89654e-04 -1.44480e-04 89 80.10896 0.76298
SN: 1999cc 50 0 NULL 3 0.03130 0.00010 0.03150 0.00010 0.03150 0.00010 0 0 2.30000e-02 -9 -9 -9 -9 120.63585 98.70534 98.70192 51315.234 0.401 0.29739 7.13800e-02 8.09837e-02 4.48539e-02 2.18000 0 35.88026 4.89061e-02 -2.31105e-03 -2.33439e-03 6.26776e-05 70 20.59672 1
SN: 1999dk 50 0 NULL 3 0.01492 0.00010 0.01390 0.00010 0.01390 0.00010 0 0 5.40000e-02 -9 -9 -9 -9 135.71992 72.38114 67.85481 51412.598 0.752 -2.93771e-01 4.05897e-02 0.26133 5.35376e-02 2.18000 0 34.20004 5.80837e-02 -5.36892e-05 -1.23576e-03 -1.97168e-03 63 47.57017 0.93808
SN: 1999ek 50 0 NULL 3 0.01751 0.00010 0.01760 0.00010 0.01760 0.00010 0 0 0.56100 -9 -9 -9 -9 98.70741 77.55346 72.38684 51482.105 0.250 0.10552 5.42527e-02 0.41595 4.00352e-02 2.18000 0 34.43123 3.71719e-02 -1.36736e-03 -1.13736e-03 -1.46837e-04 125 31.12072 1
SN: 1999gd 50 0 NULL 3 0.01848 0.00010 0.01930 0.00010 0.01930 0.00010 0 0 4.10000e-02 -9 -9 -9 -9 155.10545 98.70029 90.47916 51519.102 1.218 0.12542 0.10981 1.00910 9.00484e-02 2.18000 0 34.81638 9.49683e-02 -5.48525e-03 -4.62211e-03 -2.19861e-03 16 13.99777 0.66726
SN: 1999gp 50 0 NULL 3 0.02672 0.00010 0.02600 0.00010 0.02600 0.00010 0 0 5.60000e-02 -9 -9 -9 -9 180.96278 155.10548 155.10451 51549.559 0.093 -4.29844e-01 2.28839e-02 0.21957 2.62546e-02 2.18000 0 35.56635 3.06300e-02 -1.48523e-04 -3.15063e-04 -4.45373e-04 172 79.04156 1
