# VERSION_SNANA      = v11_02g 
# VERSION_PHOTOMETRY = SDSS_allCandidates+BOSS 
# SNANA_VERSION : v11_02g 
# TABLE NAME: FITRES 
# 
VARNAMES:  CID IDSURVEY TYPE FIELD CUTFLAG_SNANA zHEL zHELERR zCMB zCMBERR zHD zHDERR VPEC VPECERR MWEBV HOST_LOGMASS HOST_LOGMASS_ERR HOST_sSFR HOST_sSFR_ERR SNRMAX1 SNRMAX2 SNRMAX3 PKMJD PKMJDERR DELTA DELTAERR AV AVERR RV RVERR DLMAG DLMAGERR COV_DELTA_AV COV_DELTA_DLMAG COV_AV_DLMAG NDOF FITCHI2 FITPROB 
#
SN: 762 1 120 82N 3 0.19138 0.00002 0.19009 0.00002 0.19009 0.00002 0 0 3.30000e-02 11.23600 7.50000e-02 -9 -9 30.99859 24.64981 17.47309 53624.430 0.436 -2.10509e-01 7.85727e-02 0.18499 8.11013e-02 2.23000 0 40.06706 0.10964 -1.97392e-03 -4.07583e-03 -5.77087e-03 47 29.30940 0.98472
SN: 1032 1 120 82N 3 0.12976 0.00003 0.12903 0.00003 0.12903 0.00003 0 0 7.39000e-02 10.68100 6.70000e-02 -9 -9 24.66009 23.58498 14.44623 53626.918 0.249 0.87361 8.44661e-02 6.58333e-02 6.23082e-02 2.23000 0 38.83837 9.99836e-02 -2.60975e-03 -5.95856e-03 -8.65633e-04 51 45.11613 0.73929
SN: 1112 1 120 82S 3 0.25761 0.00003 0.25609 0.00003 0.25609 0.00003 0 0 5.21000e-02 11.35100 5.90000e-02 -9 -9 13.34367 11.85904 8.47199 53629.086 1.069 1.41209e-02 0.17495 0.11864 0.10084 2.23000 0 40.89656 0.19766 -6.19139e-03 -2.61461e-02 -5.87682e-03 52 33.56931 0.98290
SN: 1166 1 120 82S 3 0.38208 0.00010 0.38049 0.00010 0.38049 0.00010 0 0 1.93000e-02 11.24800 0.14400 -9 -9 8.07544 6.60154 6.59641 53630.035 1.291 -2.52095e-01 0.13662 0.13124 0.11306 2.23000 0 41.57421 0.19116 -4.21667e-03 -1.34126e-02 -1.37830e-02 47 28.80782 0.98728
SN: 1241 1 120 82S 3 0.08979 0.00001 0.08848 0.00001 0.08848 0.00001 0 0 6.14000e-02 10.69600 0.10300 -9 -9 63.86053 54.28196 40.19923 53634.746 0.176 2.44874e-02 6.09376e-02 0.37915 6.75851e-02 2.23000 0 38.12168 8.85315e-02 -1.01828e-03 -3.33646e-03 -3.13150e-03 50 27.03549 0.99767
SN: 1253 1 120 82S 3 0.26307 0.00004 0.26166 0.00004 0.26166 0.00004 0 0 6.13000e-02 11.15300 9.30000e-02 -9 -9 15.91852 15.25028 10.90099 53634.168 0.506 4.96088e-02 0.12962 6.88767e-02 6.24748e-02 2.23000 0 40.67633 0.16145 -1.54485e-03 -1.72573e-02 -2.96160e-03 44 29.22471 0.96694
SN: 1371 1 120 82S 3 0.11934 0.00003 0.11797 0.00003 0.11797 0.00003 0 0 4.51000e-02 10.89300 6.70000e-02 -9 -9 63.86188 38.77008 38.76325 53632.152 0.259 -2.51368e-01 4.89889e-02 6.63533e-02 4.51003e-02 2.23000 0 38.73690 7.25074e-02 -2.48966e-04 -2.38337e-03 -1.81233e-03 48 21.97511 0.99970
SN: 1580 1 120 82S 3 0.18400 0.00500 0.18322 0.00500 0.18322 0.00500 0 0 0.12240 10.75000 4.00000e-02 -9 -9 27.12154 23.57849 16.65835 53632.938 0.285 -2.71409e-01 7.05324e-02 0.17788 7.68762e-02 2.23000 0 39.77074 0.10616 -8.03923e-04 -4.32396e-03 -4.89071e-03 62 30.06412 0.99986
SN: 1688 1 120 82N 3 0.35916 0.00001 0.35767 0.00001 0.35767 0.00001 0 0 5.13000e-02 10.37900 0.12500 -9 -9 6.58637 6.49445 5.09535 53629.023 1.710 -2.18560e-01 0.15739 0.12716 9.77656e-02 2.23000 0 41.71759 0.19388 -3.76063e-03 -2.01696e-02 -9.18709e-03 54 47.92270 0.73950
SN: 2017 1 120 82S 3 0.26309 0.00002 0.26162 0.00002 0.26162 0.00002 0 0 6.70000e-02 10.54700 7.60000e-02 -9 -9 13.69559 13.19886 8.33722 53634.605 0.522 -3.64969e-01 9.01215e-02 0.10023 7.73746e-02 2.23000 0 41.00443 0.13831 -6.68735e-04 -7.89638e-03 -6.51189e-03 49 28.76225 0.99310
SN: 2031 1 120 82S 3 0.15300 0.00050 0.15186 0.00050 0.15186 0.00050 0 0 7.29000e-02 9.20400 54.12400 -9 -9 57.13652 45.22611 27.11929 53635.801 0.206 -3.06559e-01 5.92681e-02 4.63245e-02 3.93961e-02 2.23000 0 39.47026 7.86489e-02 -2.37931e-04 -3.39691e-03 -1.30815e-03 42 23.20147 0.99412
SN: 2165 1 120 82N 3 0.28800 0.00500 0.28662 0.00500 0.28662 0.00500 0 0 3.58000e-02 9.48500 0.18600 -9 -9 14.81022 11.86342 7.87699 53633.438 0.640 -2.19865e-01 0.10819 6.77106e-02 5.96428e-02 2.23000 0 41.25673 0.12139 -1.67580e-03 -9.60416e-03 -2.87097e-03 59 35.28699 0.99545
SN: 2246 1 120 82N 3 0.19490 0.00050 0.19422 0.00050 0.19422 0.00050 0 0 6.23000e-02 10.79800 9.90000e-02 -9 -9 18.35605 15.02038 12.58263 53633.543 0.449 -1.28684e-01 0.10577 0.44910 9.71139e-02 2.23000 0 39.98389 0.12313 -4.56023e-03 -6.31544e-03 -6.25243e-03 61 38.97797 0.99028
SN: 2308 1 120 82N 3 0.14800 0.00500 0.14703 0.00500 0.14703 0.00500 0 0 3.34000e-02 -9 -9 -9 -9 49.34212 43.41530 26.45778 53629.223 0.257 -2.54856e-01 5.01025e-02 1.69934e-02 1.69938e-02 2.23000 0 39.35947 6.41932e-02 -1.46431e-05 -2.80842e-03 -2.97491e-04 55 31.49298 0.99667
SN: 2330 1 120 82N 3 0.21320 0.00050 0.21179 0.00050 0.21179 0.00050 0 0 2.39000e-02 9.87200 9.90000e-02 -9 -9 10.47172 9.97473 7.23769 53635.352 0.694 0.39558 0.17004 0.13330 0.12349 2.23000 0 40.71720 0.18229 -1.12630e-02 -2.08339e-02 -5.15576e-03 53 35.40873 0.97630
SN: 2372 1 120 82N 3 0.18046 0.00002 0.17958 0.00002 0.17958 0.00002 0 0 3.02000e-02 10.59700 7.20000e-02 -9 -9 27.81327 27.81191 18.68309 53636.066 0.331 -1.27068e-01 7.20442e-02 0.36514 7.33665e-02 2.23000 0 39.69517 0.10114 -1.49006e-03 -3.84626e-03 -4.66451e-03 60 35.50766 0.99631
SN: 2422 1 120 82N 3 0.26500 0.00500 0.26349 0.00500 0.26349 0.00500 0 0 4.38000e-02 9.37100 0.18900 -9 -9 20.45387 15.69308 10.80696 53638.262 0.385 -3.36464e-01 7.57330e-02 3.76829e-02 3.57850e-02 2.23000 0 40.93819 9.15785e-02 -3.14391e-04 -5.43386e-03 -1.27815e-03 55 34.29155 0.99020
SN: 2440 1 120 82N 3 0.19114 0.00001 0.19029 0.00001 0.19029 0.00001 0 0 5.26000e-02 10.32500 7.10000e-02 -9 -9 23.57893 22.12446 12.58098 53633.750 0.480 -1.63109e-01 7.94074e-02 7.18738e-02 5.75907e-02 2.23000 0 40.21600 0.10142 -7.47727e-04 -5.60213e-03 -2.95755e-03 62 34.14363 0.99889
SN: 2533 1 120 82S 3 0.34000 0.00500 0.33880 0.00500 0.33880 0.00500 0 0 2.65000e-02 9.75500 0.18800 -9 -9 10.58514 9.80518 6.99710 53638.430 0.615 -3.88374e-01 8.77604e-02 0.10511 8.54846e-02 2.23000 0 41.44596 0.14328 -1.44163e-03 -6.36773e-03 -8.43064e-03 50 27.41670 0.99721
SN: 2561 1 120 82S 3 0.11813 0.00002 0.11741 0.00002 0.11741 0.00002 0 0 7.65000e-02 10.76500 3.30000e-02 -9 -9 43.41605 41.74726 25.82975 53638.297 0.196 -6.70140e-02 5.67290e-02 0.38956 6.74438e-02 2.23000 0 38.84065 8.54441e-02 -7.20744e-04 -2.68160e-03 -3.52530e-03 66 26.25443 1.00000
SN: 2635 1 120 82S 3 0.14370 0.00050 0.14310 0.00050 0.14310 0.00050 0 0 9.74000e-02 9.97100 5.40000e-02 -9 -9 40.20102 35.01067 21.26117 53638.828 0.208 -3.41898e-01 4.63848e-02 0.10244 5.55725e-02 2.23000 0 39.48272 7.60467e-02 -1.59097e-04 -2.03650e-03 -2.64005e-03 72 45.36365 0.99542
SN: 2689 1 120 82S 3 0.16149 0.00005 0.16035 0.00005 0.16035 0.00005 0 0 3.33000e-02 11.35100 9.20000e-02 -9 -9 37.42529 30.14273 24.09938 53634.930 0.295 -4.28224e-01 5.54975e-02 0.49496 7.68164e-02 2.23000 0 39.42736 0.10728 -2.55729e-04 -3.15915e-03 -6.35938e-03 44 57.86692 9.44453e-02
SN: 2789 1 120 82N 3 0.29048 0.00006 0.28890 0.00006 0.28890 0.00006 0 0 5.45000e-02 11.22400 0.16000 -9 -9 11.59335 10.50480 6.78999 53635.734 0.612 -9.31045e-02 0.13327 9.62192e-02 7.92103e-02 2.23000 0 41.11122 0.16154 -2.85411e-03 -1.58378e-02 -4.87019e-03 55 52.24113 0.61793
SN: 2916 1 120 82S 3 0.12420 0.00050 0.12303 0.00050 0.12303 0.00050 0 0 7.71000e-02 10.04100 8.00000e-03 -9 -9 31.00123 30.13708 21.25748 53643.172 0.348 4.41680e-02 0.11649 0.44493 0.11695 2.23000 0 38.89618 0.11892 -8.03425e-03 -7.16361e-03 -4.52839e-03 41 62.58910 2.12600e-02
SN: 2943 1 120 82S 3 0.26540 0.00050 0.26405 0.00050 0.26405 0.00050 0 0 3.43000e-02 -9 -9 -9 -9 16.40756 14.24081 9.71742 53639.402 0.558 -2.36862e-01 0.11784 0.19117 0.10920 2.23000 0 40.83679 0.16440 -3.45176e-03 -9.80812e-03 -1.17712e-02 44 34.16666 0.88045
SN: 2992 1 120 82S 3 0.12660 0.00002 0.12608 0.00002 0.12608 0.00002 0 0 9.25000e-02 10.23100 5.70000e-02 -9 -9 36.17754 36.17725 26.45723 53640.848 0.271 0.14788 9.01744e-02 0.42099 8.56930e-02 2.23000 0 38.80350 0.11391 -2.49768e-03 -6.59652e-03 -4.16076e-03 59 49.82956 0.82251
SN: 3080 1 120 82N 3 0.17440 0.00002 0.17315 0.00002 0.17315 0.00002 0 0 4.60000e-02 10.96100 0.10400 -9 -9 38.75927 31.00235 19.35323 53646.934 0.249 -1.05508e-01 8.10939e-02 0.11310 6.47544e-02 2.23000 0 39.70738 9.40653e-02 -2.25796e-03 -4.86891e-03 -2.19414e-03 50 22.43889 0.99983
SN: 3087 1 120 82N 3 0.16551 0.00001 0.16431 0.00001 0.16431 0.00001 0 0 4.43000e-02 9.66400 8.70000e-02 -9 -9 32.88762 31.00179 20.45136 53647.688 0.264 -2.50004e-01 7.48092e-02 0.27185 6.90929e-02 2.23000 0 39.63177 9.38429e-02 -2.01375e-03 -4.00631e-03 -3.11907e-03 50 25.81797 0.99873
SN: 3199 1 120 82N+82S 3 0.25110 0.00050 0.24961 0.00050 0.24961 0.00050 0 0 3.51000e-02 -9 -9 -9 -9 16.38899 15.45815 8.26671 53646.008 0.442 -3.10282e-01 8.54177e-02 0.29618 9.82075e-02 2.23000 0 40.88268 0.13071 -3.05331e-03 -4.37284e-03 -8.76077e-03 94 80.91862 0.84800
SN: 3241 1 119 82S 3 0.25908 0.00005 0.25782 0.00005 0.25782 0.00005 0 0 0.13560 11.41800 7.20000e-02 -9 -9 19.00882 13.69291 10.26982 53645.586 0.581 -2.79968e-01 0.10573 5.09312e-02 4.86418e-02 2.23000 0 40.80704 0.13084 -7.28676e-04 -1.04373e-02 -1.92001e-03 41 40.10696 0.55434
SN: 3256 1 120 82S 3 0.10823 0.00001 0.10694 0.00001 0.10694 0.00001 0 0 7.54000e-02 9.89400 5.40000e-02 -9 -9 35.01395 35.00572 24.10882 53651.383 0.305 -2.71880e-02 8.76548e-02 0.26430 0.10365 2.23000 0 38.72418 0.10669 -4.45928e-03 -4.36058e-03 -5.14790e-03 36 28.62652 0.83626
SN: 3317 1 120 82N 3 0.16101 0.00003 0.15990 0.00003 0.15990 0.00003 0 0 3.38000e-02 10.05400 6.80000e-02 -9 -9 40.19739 32.88097 20.45343 53646.145 0.272 0.10354 0.10307 0.20914 8.04186e-02 2.23000 0 39.45026 0.10471 -4.84715e-03 -7.05035e-03 -1.66728e-03 54 42.99167 0.88020
SN: 3331 1 119 82N 3 0.21312 0.00002 0.21210 0.00002 0.21210 0.00002 0 0 3.72000e-02 11.05600 8.90000e-02 -9 -9 22.57859 17.46801 10.26505 53649.336 0.358 -1.11219e-01 0.13900 0.40854 0.12561 2.23000 0 40.18765 0.13172 -1.09918e-02 -9.43618e-03 -5.31208e-03 60 40.62403 0.97935
SN: 3377 1 120 82N 3 0.24510 0.00050 0.24448 0.00050 0.24448 0.00050 0 0 0.10230 9.66600 0.19400 -9 -9 27.80762 22.12367 14.23152 53644.324 0.526 -3.52211e-01 7.86085e-02 8.51448e-02 6.68666e-02 2.23000 0 40.51635 0.10545 -1.07109e-03 -4.83907e-03 -3.78757e-03 53 26.76810 0.99931
SN: 3451 1 120 82N 3 0.24984 0.00004 0.24835 0.00004 0.24835 0.00004 0 0 5.61000e-02 10.83900 0.11500 -9 -9 25.81796 20.06723 14.82649 53644.336 0.480 -2.23815e-01 9.46976e-02 0.12448 7.88068e-02 2.23000 0 40.49571 0.12508 -2.17025e-03 -7.19221e-03 -5.13304e-03 50 36.81271 0.93236
SN: 3452 1 120 82N 3 0.23114 0.00002 0.22967 0.00002 0.22967 0.00002 0 0 5.90000e-02 9.23000 8.20000e-02 -9 -9 30.13014 21.67741 13.03576 53647.281 0.370 -2.78972e-01 7.98375e-02 8.27859e-02 6.67807e-02 2.23000 0 40.46729 0.10533 -1.57504e-03 -5.14199e-03 -3.44357e-03 47 26.77278 0.99439
SN: 3592 1 120 82N 3 0.08658 0.00005 0.08543 0.00005 0.08543 0.00005 0 0 2.97000e-02 10.74000 5.70000e-02 -9 -9 98.69897 77.54655 54.27692 53644.312 0.198 -1.20225e-01 5.14739e-02 9.05093e-02 5.03051e-02 2.23000 0 38.27713 6.89551e-02 -7.49642e-04 -2.18667e-03 -1.78808e-03 53 13.25655 1
SN: 3901 1 120 82N+82S 3 0.06286 0.00001 0.06170 0.00001 0.06170 0.00001 0 0 2.51000e-02 9.78200 1.50000e-02 -9 -9 180.95407 108.57024 77.54803 53654.297 0.161 -3.67584e-01 4.68102e-02 0.27136 6.84448e-02 2.23000 0 37.36734 8.77845e-02 -3.51230e-04 -2.08599e-03 -4.56047e-03 41 45.88903 0.31413
SN: 4000 1 120 82S 3 0.27770 0.00012 0.27656 0.00012 0.27656 0.00012 0 0 2.52000e-02 10.91900 7.20000e-02 -9 -9 10.47637 9.20610 5.98867 53642.906 0.800 0.14725 0.19055 0.14229 0.11371 2.23000 0 41.11628 0.22954 -8.10637e-03 -3.29860e-02 -7.23374e-03 47 47.88762 0.47742
SN: 4046 1 120 82N 3 0.27700 0.00500 0.27544 0.00500 0.27544 0.00500 0 0 3.50000e-02 9.35900 0.30200 -9 -9 14.81892 14.41620 8.81524 53644.859 0.667 -1.83856e-01 0.12828 0.15846 0.10290 2.23000 0 40.95622 0.15898 -5.21884e-03 -1.11347e-02 -8.59164e-03 50 37.44272 0.92167
SN: 4241 1 120 82N 3 0.33200 0.00050 0.33051 0.00050 0.33051 0.00050 0 0 3.17000e-02 9.26100 0.21000 -9 -9 11.23493 9.04047 6.21474 53637.797 0.747 -1.16322e-01 0.14196 0.11419 8.88670e-02 2.23000 0 41.45387 0.17418 -3.58321e-03 -1.71530e-02 -6.75621e-03 52 44.44162 0.79247
SN: 4577 1 119 82N 3 0.36300 0.00500 0.36193 0.00500 0.36193 0.00500 0 0 2.44000e-02 10.53500 0.16900 -9 -9 9.84873 9.02248 6.40228 53646.922 0.873 -2.80267e-01 0.12615 0.12181 9.07772e-02 2.23000 0 41.73507 0.17376 -2.89247e-03 -1.40870e-02 -8.30046e-03 58 26.34622 0.99993
SN: 4679 1 120 82N 3 0.33240 0.00050 0.33103 0.00050 0.33103 0.00050 0 0 2.95000e-02 9.22500 0.17100 -9 -9 8.97039 7.20423 5.37077 53653.094 0.545 -1.39385e-01 0.16674 0.32299 0.15097 2.23000 0 41.22615 0.20047 -1.28595e-02 -1.64733e-02 -1.45022e-02 53 55.70311 0.41051
SN: 5103 1 120 82N 3 0.16199 0.00001 0.16059 0.00001 0.16059 0.00001 0 0 2.85000e-02 9.08600 7.40000e-02 -9 -9 41.74355 32.88105 18.68627 53653.938 0.230 -5.45034e-02 8.75864e-02 0.30564 8.57103e-02 2.23000 0 39.52758 9.21481e-02 -4.18925e-03 -3.55735e-03 -3.77656e-03 44 21.31165 0.99896
SN: 5350 1 120 82S 3 0.17540 0.00050 0.17431 0.00050 0.17431 0.00050 0 0 0.19330 10.86500 7.00000e-02 -9 -9 19.01578 19.00943 12.57534 53658.246 0.368 -1.25471e-02 0.13063 0.11104 8.80204e-02 2.23000 0 39.77264 0.13010 -5.09815e-03 -1.10309e-02 -2.69446e-03 26 13.33163 0.98697
SN: 5391 1 120 82S 3 0.30090 0.00050 0.30021 0.00050 0.30021 0.00050 0 0 0.10200 9.29900 8.90000e-02 -9 -9 9.28997 7.95366 7.30008 53657.988 0.551 -7.73197e-02 0.14983 0.12892 0.10462 2.23000 0 41.08917 0.17181 -6.26347e-03 -1.61551e-02 -6.80485e-03 59 55.11357 0.65449
SN: 5395 1 120 82S 3 0.11700 0.00050 0.11635 0.00050 0.11635 0.00050 0 0 7.23000e-02 9.08000 7.50000e-02 -9 -9 60.31200 51.69093 29.32344 53662.473 0.288 -3.14709e-01 5.60313e-02 0.14854 5.64345e-02 2.23000 0 39.00582 7.00215e-02 -7.40563e-04 -2.02712e-03 -2.34946e-03 51 21.53237 0.99994
SN: 5533 1 120 82N+82S 3 0.22028 0.00002 0.21887 0.00002 0.21887 0.00002 0 0 7.33000e-02 9.95900 8.00000e-02 -9 -9 16.91947 13.51901 10.08204 53666.801 0.540 -4.28758e-02 0.15975 0.26432 0.13286 2.23000 0 40.39652 0.12373 -1.53155e-02 -6.43790e-03 -6.01567e-03 38 30.24550 0.84131
SN: 5549 1 120 82N 3 0.12124 0.00002 0.11991 0.00002 0.11991 0.00002 0 0 3.36000e-02 8.72200 9.60000e-02 -9 -9 51.68702 49.33938 31.00070 53665.125 0.218 -2.17585e-01 6.46770e-02 0.24821 6.30450e-02 2.23000 0 39.00858 7.75150e-02 -1.46695e-03 -2.31649e-03 -2.98278e-03 34 17.26267 0.99480
SN: 5550 1 120 82N 3 0.15629 0.00001 0.15492 0.00001 0.15492 0.00001 0 0 2.82000e-02 9.56400 9.40000e-02 -9 -9 60.30959 49.33774 27.81349 53668.953 0.304 -4.73748e-01 5.22843e-02 8.88533e-02 5.11938e-02 2.23000 0 39.61553 6.88242e-02 -5.79316e-04 -1.58802e-03 -2.54758e-03 34 24.04888 0.91855
SN: 5635 1 120 82N 3 0.17979 0.00007 0.17839 0.00007 0.17839 0.00007 0 0 6.15000e-02 9.48300 6.20000e-02 -9 -9 18.36034 17.20137 12.14136 53661.312 0.457 -6.09392e-02 0.12784 0.14554 9.59843e-02 2.23000 0 40.27976 0.11820 -7.07311e-03 -8.15343e-03 -3.59479e-03 38 24.89003 0.96139
SN: 5717 1 120 82N+82S 3 0.25170 0.00050 0.25037 0.00050 0.25037 0.00050 0 0 2.76000e-02 9.43100 0.11600 -9 -9 14.61419 14.42277 9.44905 53662.426 0.614 -3.37740e-01 9.77888e-02 0.18883 9.03345e-02 2.23000 0 40.85350 0.11654 -3.61428e-03 -4.37205e-03 -6.79222e-03 37 21.08010 0.98807
SN: 5736 1 120 82N+82S 3 0.25300 0.00500 0.25174 0.00500 0.25174 0.00500 0 0 3.78000e-02 10.47400 0.17900 -9 -9 15.23365 15.02921 11.00776 53665.254 0.375 5.04213e-02 0.11357 0.16553 9.97336e-02 2.23000 0 40.63439 8.68427e-02 -8.40526e-03 -2.88863e-03 -3.50187e-03 73 49.07940 0.98874
SN: 5751 1 120 82N+82S 3 0.13056 0.00001 0.12928 0.00001 0.12928 0.00001 0 0 2.17000e-02 10.78000 8.40000e-02 -9 -9 37.42733 37.42672 21.69181 53665.027 0.244 -2.96065e-01 6.60006e-02 0.64940 6.43606e-02 2.23000 0 38.98758 8.11646e-02 -1.36434e-03 -2.44591e-03 -3.43646e-03 35 20.65719 0.98102
SN: 5844 1 120 82N+82S 3 0.31080 0.00050 0.30929 0.00050 0.30929 0.00050 0 0 0.10660 -9 -9 -9 -9 10.08031 8.44968 5.45018 53663.555 0.930 -2.67129e-01 0.12745 9.02284e-02 7.60120e-02 2.23000 0 41.30121 0.14600 -2.64603e-03 -1.18665e-02 -4.59958e-03 41 26.21503 0.97303
SN: 5916 1 119 82S 3 0.17407 0.00002 0.17270 0.00002 0.17270 0.00002 0 0 2.63000e-02 11.08200 9.10000e-02 -9 -9 33.91064 27.81798 16.42414 53663.652 0.385 9.09073e-02 0.11060 0.19166 9.46741e-02 2.23000 0 39.61634 0.10083 -6.93355e-03 -5.12794e-03 -3.09913e-03 31 20.78879 0.93618
SN: 5944 1 120 82N+82S 3 0.04592 0.00002 0.04495 0.00002 0.04495 0.00002 0 0 3.27000e-02 10.84100 7.10000e-02 -9 -9 180.95354 155.10316 108.57095 53666.430 0.162 -2.87661e-01 3.90412e-02 5.66999e-02 3.41289e-02 2.23000 0 36.95794 4.84170e-02 -2.14542e-04 -1.14299e-03 -9.52774e-04 78 18.62356 1
SN: 5957 1 120 82S 3 0.28030 0.00002 0.27923 0.00002 0.27923 0.00002 0 0 3.61000e-02 10.46300 7.80000e-02 -9 -9 12.87328 11.24908 8.06822 53666.332 0.517 -4.25712e-02 0.11297 7.82942e-02 6.79004e-02 2.23000 0 40.94818 0.11489 -3.48905e-03 -8.72726e-03 -2.28749e-03 42 33.48661 0.85076
SN: 5966 1 120 82S 3 0.30963 0.00002 0.30821 0.00002 0.30821 0.00002 0 0 2.69000e-02 11.01100 0.15400 -9 -9 10.36047 7.36301 5.88457 53659.203 1.244 -7.60656e-02 0.17127 0.14457 0.11013 2.23000 0 41.18242 0.18754 -7.56696e-03 -2.06781e-02 -7.61576e-03 35 34.37790 0.54584
SN: 5994 1 120 82N 3 0.18700 0.00500 0.18581 0.00500 0.18581 0.00500 0 0 9.30000e-02 -9 -9 -9 -9 25.82740 19.71621 13.20122 53664.742 0.319 -2.65923e-01 8.52718e-02 0.15844 7.52195e-02 2.23000 0 40.01928 0.10404 -2.15157e-03 -4.86215e-03 -3.90547e-03 41 25.92741 0.97562
SN: 6057 1 120 82N 3 0.06707 0.00001 0.06651 0.00001 0.06651 0.00001 0 0 0.11690 10.07100 4.90000e-02 -9 -9 83.51199 72.37822 49.34225 53663.059 0.339 4.46231e-02 7.51520e-02 0.38607 6.98976e-02 2.23000 0 37.53933 7.25699e-02 -2.38412e-03 -2.88317e-03 -1.91295e-03 42 16.45329 0.99992
SN: 6100 1 120 82N 3 0.31770 0.00050 0.31613 0.00050 0.31613 0.00050 0 0 4.19000e-02 10.19400 0.11700 -9 -9 8.74653 8.30754 5.75979 53663.578 1.095 -2.82408e-01 0.14911 0.23481 0.13629 2.23000 0 41.47701 0.18999 -8.24366e-03 -1.06254e-02 -1.67080e-02 39 42.27308 0.37306
SN: 6108 1 120 82N 3 0.25950 0.00050 0.25800 0.00050 0.25800 0.00050 0 0 7.71000e-02 9.32300 0.11900 -9 -9 14.22136 13.50943 9.52007 53674.195 0.637 -1.76830e-01 0.16539 0.37920 0.14010 2.23000 0 40.67117 0.13912 -1.57139e-02 -5.85107e-03 -9.67103e-03 30 20.81382 0.91674
SN: 6127 1 120 82N 3 0.28859 0.00002 0.28704 0.00002 0.28704 0.00002 0 0 7.13000e-02 9.74500 7.30000e-02 -9 -9 10.45708 7.51081 7.14824 53668.719 0.818 -2.57030e-01 0.17215 0.60234 0.16623 2.23000 0 40.77394 0.16624 -1.87105e-02 -3.36582e-03 -1.76211e-02 34 36.46251 0.40054
SN: 6137 1 120 82N 3 0.30010 0.00050 0.29888 0.00050 0.29888 0.00050 0 0 0.11220 -9 -9 -9 -9 12.13821 9.45322 6.90651 53668.672 1.121 -2.35668e-01 0.12208 7.20706e-02 6.38897e-02 2.23000 0 41.18671 0.13070 -1.67428e-03 -1.06168e-02 -3.34087e-03 37 25.43940 0.94070
SN: 6192 1 120 82N 3 0.27247 0.00003 0.27091 0.00003 0.27091 0.00003 0 0 4.72000e-02 9.63900 0.11100 -9 -9 12.85531 11.13035 7.34213 53672.688 0.677 0.11889 0.15616 0.10232 9.31588e-02 2.23000 0 40.99039 0.15401 -7.78989e-03 -1.63338e-02 -3.00468e-03 30 18.85056 0.95735
SN: 6196 1 120 82N 3 0.28135 0.00006 0.27980 0.00006 0.27980 0.00006 0 0 6.48000e-02 11.40600 0.14000 -9 -9 11.24497 10.59382 8.33911 53669.262 0.606 0.16120 0.16551 0.15059 0.12471 2.23000 0 40.74226 0.14396 -1.40591e-02 -1.16889e-02 -4.63954e-03 35 33.28260 0.59852
SN: 6249 1 120 82N 3 0.29506 0.00001 0.29353 0.00001 0.29353 0.00001 0 0 3.94000e-02 10.04700 0.10700 -9 -9 12.41706 12.26552 8.52773 53674.188 0.708 -2.07614e-01 0.15516 0.33439 0.13968 2.23000 0 41.01727 0.14770 -1.39356e-02 -4.80417e-03 -1.23054e-02 31 26.03759 0.76194
SN: 6295 1 120 82N 3 0.07956 0.00002 0.07849 0.00002 0.07849 0.00002 0 0 3.20000e-02 10.95400 7.30000e-02 -9 -9 28.55536 24.10264 19.02629 53664.371 0.303 1.56022 5.66047e-02 9.11942e-02 7.89042e-02 2.23000 0 37.98201 7.07513e-02 -2.76912e-03 -1.42458e-03 -2.45679e-03 35 53.72174 2.90146e-02
SN: 6304 1 120 82N 3 0.19093 0.00003 0.18979 0.00003 0.18979 0.00003 0 0 2.19000e-02 10.65600 5.50000e-02 -9 -9 28.54095 22.12622 14.05099 53672.637 0.374 6.52698e-05 0.14425 0.40800 0.10629 2.23000 0 39.90093 8.73339e-02 -1.23634e-02 -5.30616e-03 -1.62241e-03 40 29.32398 0.91335
SN: 6315 1 120 82N 3 0.26700 0.00050 0.26576 0.00050 0.26576 0.00050 0 0 8.61000e-02 9.72000 0.22900 -9 -9 25.21667 17.47154 11.13750 53675.762 0.652 -2.56945e-01 9.03089e-02 3.21208e-02 3.14511e-02 2.23000 0 40.71614 9.60746e-02 -4.69477e-04 -6.91985e-03 -7.54157e-04 35 23.80141 0.94076
SN: 6406 1 120 82S 3 0.12449 0.00001 0.12376 0.00001 0.12376 0.00001 0 0 7.53000e-02 10.54900 5.40000e-02 -9 -9 45.22920 45.22898 29.32654 53674.000 0.186 -7.94889e-02 7.49598e-02 0.21321 6.16755e-02 2.23000 0 38.90349 6.66686e-02 -2.49426e-03 -2.57570e-03 -1.33888e-03 49 21.49151 0.99986
SN: 6422 1 120 82S 3 0.18645 0.00003 0.18500 0.00003 0.18500 0.00003 0 0 4.02000e-02 9.76500 9.30000e-02 -9 -9 45.22437 31.91391 20.45047 53667.012 0.360 -2.78948e-01 7.10675e-02 4.19517e-02 3.58686e-02 2.23000 0 39.99239 7.15718e-02 -5.98283e-04 -3.75939e-03 -9.38522e-04 36 21.12193 0.98320
SN: 6558 1 118 82S 3 0.05739 0.00001 0.05631 0.00001 0.05631 0.00001 0 0 3.87000e-02 9.76900 6.20000e-02 -9 -9 180.95496 90.47411 83.51579 53673.672 0.243 -3.16957e-01 6.34233e-02 0.13895 6.37183e-02 2.23000 0 37.29133 7.39951e-02 -1.20743e-03 -2.16652e-03 -3.00994e-03 27 14.59723 0.98238
SN: 6649 1 120 82S 3 0.31400 0.00500 0.31288 0.00500 0.31288 0.00500 0 0 3.41000e-02 -9 -9 -9 -9 13.34761 11.25433 8.22151 53676.715 0.512 -2.50988e-01 0.11620 8.76006e-02 7.38141e-02 2.23000 0 41.21170 0.12611 -3.25012e-03 -8.78586e-03 -4.31491e-03 39 27.12335 0.94002
SN: 6696 1 119 82S 3 0.23892 0.00003 0.23742 0.00003 0.23742 0.00003 0 0 7.00000e-02 9.18200 9.40000e-02 -9 -9 10.87117 8.88597 6.24350 53673.172 0.954 -4.17211e-01 0.11607 0.67287 0.13324 2.23000 0 40.84892 0.16821 -5.45150e-03 -4.45251e-03 -1.76521e-02 37 37.70293 0.48307
SN: 6699 1 120 82N+82S 3 0.31060 0.00050 0.30915 0.00050 0.30915 0.00050 0 0 5.47000e-02 10.65500 0.14000 -9 -9 12.12643 10.89641 6.42556 53675.234 0.660 -2.14379e-01 0.12879 6.95716e-02 6.24648e-02 2.23000 0 41.48171 0.14032 -2.45514e-03 -1.33401e-02 -2.93170e-03 36 27.98349 0.85738
SN: 6773 1 120 82N 3 0.09030 0.00050 0.08932 0.00050 0.08932 0.00050 0 0 0.13660 10.52000 2.90000e-02 -9 -9 49.34696 49.34608 29.33429 53678.027 0.230 -2.80092e-04 8.43707e-02 6.59253e-02 5.44480e-02 2.23000 0 38.10250 8.91518e-02 -1.35058e-03 -5.18264e-03 -1.29522e-03 22 54.13238 2.56765e-04
SN: 6780 1 120 82N 3 0.20406 0.00003 0.20267 0.00003 0.20267 0.00003 0 0 0.10450 11.27200 8.00000e-02 -9 -9 16.16540 14.82929 10.91358 53665.574 0.464 0.32056 0.11504 0.10438 8.44283e-02 2.23000 0 40.09637 0.11711 -5.41532e-03 -8.03350e-03 -2.04954e-03 35 22.12578 0.96629
SN: 6852 1 119 82N 3 0.30060 0.00050 0.29994 0.00050 0.29994 0.00050 0 0 0.10380 11.30800 0.13400 -9 -9 14.42107 12.55830 10.36226 53677.418 0.570 -5.44551e-01 9.14756e-02 0.56690 0.10282 2.23000 0 40.55103 0.13132 -3.11445e-03 -2.50366e-03 -1.04136e-02 39 59.45073 2.44561e-02
SN: 6924 1 120 82S 3 0.32800 0.00500 0.32640 0.00500 0.32640 0.00500 0 0 3.17000e-02 -9 -9 -9 -9 14.02813 12.13521 8.13994 53673.441 0.742 -2.10382e-01 0.12554 0.12205 8.76842e-02 2.23000 0 41.17205 0.13009 -5.20357e-03 -8.17530e-03 -5.60395e-03 34 28.16301 0.78706
SN: 6933 1 120 82N 3 0.21300 0.00500 0.21163 0.00500 0.21163 0.00500 0 0 2.36000e-02 -9 -9 -9 -9 32.87547 22.58976 14.82999 53678.828 0.312 -1.21107e-01 0.12380 0.23410 0.11103 2.23000 0 40.16056 0.10902 -9.13279e-03 -4.81372e-03 -5.15783e-03 32 21.30350 0.94203
SN: 6936 1 120 82S 3 0.18021 0.00003 0.17890 0.00003 0.17890 0.00003 0 0 4.62000e-02 10.25900 7.30000e-02 -9 -9 31.91449 22.58992 16.16526 53679.648 0.255 -1.24527e-01 0.12627 0.22106 9.18848e-02 2.23000 0 39.90499 0.10640 -7.13139e-03 -6.56301e-03 -3.33350e-03 27 20.57975 0.84242
SN: 6962 1 119 82N 3 0.09422 0.00001 0.09337 0.00001 0.09337 0.00001 0 0 2.53000e-02 11.09500 0.10600 -9 -9 83.51435 49.34353 35.01188 53678.672 0.130 0.34421 6.75024e-02 3.73070e-02 3.39922e-02 2.23000 0 38.36734 6.96108e-02 -9.11250e-04 -3.86542e-03 -2.68105e-04 40 81.82113 1.57105e-04
SN: 7143 1 120 82N+82S 3 0.30514 0.00003 0.30354 0.00003 0.30354 0.00003 0 0 5.37000e-02 10.28000 0.10800 -9 -9 9.60075 8.04290 6.66370 53677.262 0.539 0.18456 0.15842 0.16572 0.11535 2.23000 0 41.15473 0.13980 -1.28861e-02 -1.13667e-02 -3.31045e-03 65 44.61598 0.97991
SN: 7147 1 120 82N 3 0.11022 0.00002 0.10886 0.00002 0.10886 0.00002 0 0 4.32000e-02 10.56200 6.40000e-02 -9 -9 67.85280 49.34175 30.14178 53679.969 0.188 0.46104 9.31588e-02 5.84708e-02 5.15480e-02 2.23000 0 38.50880 9.58202e-02 -2.31161e-03 -7.18199e-03 -2.21926e-04 23 31.25369 0.14660
SN: 7243 1 120 82S 3 0.20462 0.00001 0.20323 0.00001 0.20323 0.00001 0 0 0.10040 9.22500 0.11100 -9 -9 23.57276 13.18894 10.01063 53685.020 0.308 -2.29315e-01 0.14458 0.25233 0.11060 2.23000 0 40.16633 0.13341 -9.04809e-03 -8.75718e-03 -5.85187e-03 24 13.31368 0.97242
SN: 7335 1 119 82S 3 0.19689 0.00006 0.19561 0.00006 0.19561 0.00006 0 0 5.83000e-02 11.34000 8.70000e-02 -9 -9 18.04859 16.91975 10.46524 53675.391 0.374 0.46707 0.14965 0.14627 0.10690 2.23000 0 40.09259 0.12586 -1.17288e-02 -1.17955e-02 -3.08405e-04 27 24.43541 0.65836
SN: 7473 1 120 82S 3 0.21600 0.00500 0.21457 0.00500 0.21457 0.00500 0 0 2.47000e-02 8.95400 0.27500 -9 -9 29.31732 19.70933 13.69064 53678.828 0.392 -1.30151e-01 0.10345 7.90088e-02 6.62592e-02 2.23000 0 40.45690 0.10363 -2.98422e-03 -7.08127e-03 -2.32219e-03 29 15.77424 0.98457
SN: 7475 1 120 82S 3 0.32200 0.00500 0.32045 0.00500 0.32045 0.00500 0 0 2.73000e-02 -9 -9 -9 -9 16.91947 13.35146 9.27862 53674.906 0.798 -3.35732e-01 8.82378e-02 4.47182e-02 4.16164e-02 2.23000 0 41.29940 9.48677e-02 -8.21812e-04 -6.16602e-03 -1.58716e-03 31 16.05717 0.99151
SN: 7512 1 120 82S 3 0.21900 0.00500 0.21835 0.00500 0.21835 0.00500 0 0 0.10280 -9 -9 -9 -9 16.15802 13.88144 9.99213 53681.414 0.336 -2.47753e-01 0.13629 0.32266 0.11482 2.23000 0 40.40127 0.12269 -9.22863e-03 -6.03452e-03 -6.48258e-03 43 34.26320 0.85399
SN: 7779 1 120 82N+82S 3 0.38120 0.00050 0.37986 0.00050 0.37986 0.00050 0 0 6.58000e-02 11.17400 0.15300 -9 -9 10.25822 9.60480 7.53328 53674.727 1.272 -3.51088e-01 0.10091 5.43325e-02 4.95599e-02 2.23000 0 41.70742 0.11489 -1.02792e-03 -7.79871e-03 -2.50413e-03 38 32.61513 0.75490
SN: 7847 1 120 82N 3 0.21266 0.00008 0.21160 0.00008 0.21160 0.00008 0 0 2.65000e-02 10.69600 0.12400 -9 -9 18.68186 17.19588 12.27909 53681.215 0.314 -1.10113e-01 0.16722 0.58960 0.12819 2.23000 0 40.00337 0.11249 -1.59797e-02 -7.62472e-03 -4.06407e-03 39 33.87289 0.74147
SN: 7876 1 120 82N 3 0.07602 0.00001 0.07489 0.00001 0.07489 0.00001 0 0 3.06000e-02 10.37900 4.00000e-02 -9 -9 98.69883 90.47432 51.69313 53684.316 0.127 -2.53981e-01 0.10813 0.17025 6.89533e-02 2.23000 0 37.90745 9.57328e-02 -3.11194e-03 -6.83207e-03 -2.36566e-03 26 15.45331 0.96258
SN: 8046 1 120 82S 3 0.25857 0.00003 0.25760 0.00003 0.25760 0.00003 0 0 2.92000e-02 11.33500 8.20000e-02 -9 -9 15.23243 10.18817 7.15403 53682.465 0.465 -1.87738e-01 0.18176 0.40461 0.15622 2.23000 0 40.75753 0.16496 -1.92860e-02 -9.08625e-03 -1.19850e-02 37 20.89351 0.98903
SN: 8213 1 120 82N 3 0.18611 0.00006 0.18468 0.00006 0.18468 0.00006 0 0 2.82000e-02 10.52200 0.14700 -9 -9 20.45280 16.66573 12.87586 53683.125 0.318 0.29349 0.20622 0.48353 0.16807 2.23000 0 39.61736 0.14075 -2.88554e-02 -1.53378e-02 -7.69224e-05 23 21.19328 0.62730
SN: 8495 1 120 82S 3 0.21498 0.00002 0.21353 0.00002 0.21353 0.00002 0 0 7.13000e-02 11.03400 6.30000e-02 -9 -9 21.25275 15.47387 12.15873 53688.430 0.316 -2.97193e-01 0.13814 0.23399 0.10959 2.23000 0 40.28281 0.13249 -7.88585e-03 -8.48994e-03 -6.71077e-03 23 30.70821 0.16238
SN: 8719 1 120 82S 3 0.11757 0.00001 0.11628 0.00001 0.11628 0.00001 0 0 2.31000e-02 9.30600 7.00000e-02 -9 -9 60.31266 54.27765 32.88006 53688.938 0.168 -2.07213e-01 0.13009 0.15525 7.87058e-02 2.23000 0 38.95550 0.11163 -5.42480e-03 -9.98205e-03 -1.87981e-03 20 17.77497 0.66320
SN: 8921 1 120 82N+82S 3 0.14539 0.00001 0.14409 0.00001 0.14409 0.00001 0 0 5.73000e-02 10.21600 5.80000e-02 -9 -9 30.14242 29.33134 18.37620 53691.090 0.193 -2.66876e-01 0.12370 0.20669 9.44987e-02 2.23000 0 39.38790 0.11814 -5.32433e-03 -7.67378e-03 -5.20352e-03 18 32.40866 2.80975e-02
SN: 9032 1 120 82N 3 0.25400 0.00050 0.25249 0.00050 0.25249 0.00050 0 0 6.20000e-02 9.25200 0.14900 -9 -9 14.41285 11.60920 10.79463 53687.527 0.375 -1.74527e-01 0.18486 0.26154 0.13847 2.23000 0 40.62212 0.18173 -1.42883e-02 -1.68883e-02 -1.00780e-02 23 14.50714 0.93436
SN: 9207 1 120 82S 3 0.35027 0.00003 0.34885 0.00003 0.34885 0.00003 0 0 3.60000e-02 10.71600 0.12000 -9 -9 8.74563 7.93374 5.66653 53686.078 0.762 -1.81029e-01 0.16339 0.16762 0.11958 2.23000 0 41.48219 0.19711 -8.60353e-03 -1.78370e-02 -1.03752e-02 26 30.09297 0.30999
SN: 9457 1 120 82N 3 0.25823 0.00004 0.25672 0.00004 0.25672 0.00004 0 0 8.16000e-02 11.12900 0.13400 -9 -9 11.59368 8.46603 7.96306 53688.320 0.412 -1.23455e-01 0.19635 0.27565 0.15078 2.23000 0 40.73320 0.19809 -1.65614e-02 -1.93528e-02 -1.16966e-02 25 16.27568 0.92934
SN: 9467 1 120 82N 3 0.22027 0.00003 0.21885 0.00003 0.21885 0.00003 0 0 5.70000e-02 10.93000 7.20000e-02 -9 -9 16.15255 9.88852 7.86674 53689.145 0.336 4.27286e-02 0.17969 0.13267 0.11066 2.23000 0 40.50885 0.18726 -1.02018e-02 -2.38658e-02 -3.85355e-03 22 17.89839 0.76298
