# VERSION_SNANA      = v11_02g 
# VERSION_PHOTOMETRY = SNLS_Ast06 
# SNANA_VERSION : v11_02g 
# TABLE NAME: FITRES 
# 
VARNAMES:  CID IDSURVEY TYPE FIELD CUTFLAG_SNANA zHEL zHELERR zCMB zCMBERR zHD zHDERR VPEC VPECERR MWEBV HOST_LOGMASS HOST_LOGMASS_ERR HOST_sSFR HOST_sSFR_ERR SNRMAX1 SNRMAX2 SNRMAX3 PKMJD PKMJDERR DELTA DELTAERR AV AVERR RV RVERR DLMAG DLMAGERR COV_DELTA_AV COV_DELTA_DLMAG COV_AV_DLMAG NDOF FITCHI2 FITPROB 
#
SN: 03D1au 4 0 NULL 3 0.50551 0.00100 0.50430 0.00100 0.50430 0.00100 0 0 3.00000e-02 -9 -9 -9 -9 62.10198 44.03548 13.89811 52907.180 0.763 -3.71294e-01 6.68917e-02 0.16137 8.06812e-02 2.18000 0 42.56704 0.12481 3.25836e-05 -4.26652e-03 -8.46671e-03 37 34.47614 0.63317
SN: 03D1aw 4 0 NULL 3 0.58297 0.00100 0.58170 0.00100 0.58170 0.00100 0 0 2.50000e-02 -9 -9 -9 -9 29.78598 28.23834 10.46182 52900.867 0.392 -6.27707e-02 0.11655 0.27487 0.10123 2.18000 0 42.73671 0.13806 -4.96329e-03 -8.49869e-03 -7.50148e-03 33 34.87006 0.42645
SN: 03D1ax 4 0 NULL 3 0.49720 0.00100 0.49600 0.00100 0.49600 0.00100 0 0 2.60000e-02 -9 -9 -9 -9 64.98612 40.05317 14.67309 52915.375 0.277 0.18598 8.52607e-02 5.75691e-02 5.38410e-02 2.18000 0 42.25366 0.11130 -1.28259e-03 -7.34524e-03 -2.15543e-03 32 39.05013 0.21637
SN: 03D1bp 4 0 NULL 3 0.34707 0.00100 0.34600 0.00100 0.34600 0.00100 0 0 2.40000e-02 -9 -9 -9 -9 78.90076 55.49380 16.76551 52920.055 0.211 4.03342e-02 9.11479e-02 0.23151 9.18133e-02 2.18000 0 41.59117 0.12855 -2.25755e-03 -7.28744e-03 -6.87930e-03 40 26.85233 0.95673
SN: 03D1cm 4 0 NULL 3 0.87150 0.00100 0.87000 0.00100 0.87000 0.00100 0 0 2.40000e-02 -9 -9 -9 -9 20.95000 15.03448 7.17412 52946.652 0.713 -5.35413e-01 7.14511e-02 9.77105e-02 8.18289e-02 2.18000 0 44.23843 0.14616 -8.62894e-04 -3.85352e-03 -9.94404e-03 33 32.17731 0.55717
SN: 03D1co 4 0 NULL 3 0.68033 0.00100 0.67900 0.00100 0.67900 0.00100 0 0 3.00000e-02 -9 -9 -9 -9 20.63956 18.12433 8.30054 52952.320 0.433 -3.94400e-01 8.47769e-02 0.17901 0.11113 2.18000 0 43.69640 0.17572 -1.71611e-03 -5.66051e-03 -1.59260e-02 33 29.78877 0.67423
SN: 03D1ew 4 0 NULL 3 0.86950 0.00100 0.86800 0.00100 0.86800 0.00100 0 0 2.70000e-02 -9 -9 -9 -9 24.60019 11.04478 7.04263 52990.441 0.741 -2.00845e-01 0.13258 0.26549 0.17658 2.18000 0 43.63963 0.25375 -1.18193e-02 -5.27932e-04 -3.78636e-02 18 16.59931 0.61699
SN: 03D1fc 4 0 NULL 3 0.33206 0.00100 0.33100 0.00100 0.33100 0.00100 0 0 2.70000e-02 -9 -9 -9 -9 141.25894 131.47693 127.56779 53001.602 0.324 -2.19837e-01 0.12007 0.19546 9.05015e-02 2.18000 0 41.28675 0.10685 -5.99423e-03 -6.74673e-03 -3.73638e-03 15 3.83176 0.99916
SN: 03D1fl 4 0 NULL 3 0.68935 0.00100 0.68800 0.00100 0.68800 0.00100 0 0 2.70000e-02 -9 -9 -9 -9 43.01229 37.22149 11.64714 52992.469 0.698 -7.40704e-02 9.24930e-02 0.12626 9.73588e-02 2.18000 0 43.00708 0.14582 -3.33805e-03 -4.15335e-03 -1.06082e-02 15 18.93100 0.27226
SN: 03D1fq 4 0 NULL 3 0.80143 0.00100 0.80000 0.00100 0.80000 0.00100 0 0 2.60000e-02 -9 -9 -9 -9 25.09465 14.90214 8.12298 52996.602 1.141 8.04052e-02 0.14404 9.17515e-02 9.58290e-02 2.18000 0 43.86650 0.18584 -5.35367e-03 -1.69143e-02 -8.02326e-03 14 13.92185 0.53146
SN: 03D3af 4 0 NULL 3 0.53141 0.00100 0.53200 0.00100 0.53200 0.00100 0 0 1.10000e-02 -9 -9 -9 -9 45.67263 25.87681 -99 52731.785 0.729 -4.39333e-02 0.16330 0.22088 0.14762 2.18000 0 42.74142 0.27492 -1.00579e-03 -2.98580e-02 -2.85343e-02 13 14.88879 0.38580
SN: 03D3aw 4 0 NULL 3 0.44844 0.00100 0.44900 0.00100 0.44900 0.00100 0 0 9.00000e-03 -9 -9 -9 -9 116.65589 47.76648 12.13573 52766.699 0.568 -1.95072e-02 0.13303 5.98571e-02 5.75031e-02 2.18000 0 42.01345 0.19781 -8.04567e-04 -2.39140e-02 -3.26535e-03 13 16.65681 0.27493
SN: 03D3ay 4 0 NULL 3 0.37036 0.00100 0.37090 0.00100 0.37090 0.00100 0 0 8.00000e-03 -9 -9 -9 -9 109.69003 58.83626 18.78303 52766.602 0.583 -2.17804e-01 0.12617 5.84098e-02 5.56185e-02 2.18000 0 41.88844 0.18817 -6.33026e-04 -2.17517e-02 -2.96884e-03 13 10.95289 0.68973
SN: 03D3ba 4 0 NULL 3 0.29068 0.00100 0.29120 0.00100 0.29120 0.00100 0 0 1.30000e-02 -9 -9 -9 -9 138.82471 104.86591 9.73779 52747.613 0.290 -7.96092e-02 9.35116e-02 0.64591 0.14164 2.18000 0 40.56312 0.18470 -2.40376e-03 -8.27904e-03 -1.97942e-02 17 13.51166 0.76033
SN: 03D3bh 4 0 NULL 3 0.24812 0.00100 0.24860 0.00100 0.24860 0.00100 0 0 1.00000e-02 -9 -9 -9 -9 167.61014 116.76938 -99 52768.441 0.414 -3.37233e-01 0.12200 0.22282 0.15003 2.18000 0 40.81572 0.22741 -1.36324e-04 -2.03491e-02 -2.21469e-02 9 7.72427 0.65575
SN: 03D3cc 4 0 NULL 3 0.46213 0.00100 0.46270 0.00100 0.46270 0.00100 0 0 1.20000e-02 -9 -9 -9 -9 102.67764 71.84643 31.20527 52778.852 0.480 -2.09056e-01 9.40461e-02 0.11239 9.28282e-02 2.18000 0 42.11400 0.15085 -2.78287e-03 -8.30656e-03 -7.50181e-03 11 3.98770 0.98366
SN: 03D3cd 4 0 NULL 3 0.46013 0.00100 0.46070 0.00100 0.46070 0.00100 0 0 9.00000e-03 -9 -9 -9 -9 117.96748 110.44025 65.47893 52801.082 0.524 -2.08617e-01 0.12702 9.46798e-02 8.20782e-02 2.18000 0 42.05223 0.12198 -5.73097e-03 -9.63051e-03 -2.84289e-03 9 4.07932 0.94370
SN: 03D4ag 4 0 NULL 3 0.28639 0.00100 0.28500 0.00100 0.28500 0.00100 0 0 2.60000e-02 -9 -9 -9 -9 237.78683 100.89233 89.54192 52828.883 0.286 -3.22633e-01 6.83033e-02 5.33612e-02 4.50532e-02 2.18000 0 40.98154 0.10337 -3.58185e-04 -5.98109e-03 -1.73581e-03 35 32.52718 0.63454
SN: 03D4at 4 0 NULL 3 0.63477 0.00100 0.63300 0.00100 0.63300 0.00100 0 0 2.60000e-02 -9 -9 -9 -9 37.49839 30.67789 8.43157 52815.734 0.636 -9.83520e-02 0.10709 9.97678e-02 8.74217e-02 2.18000 0 43.21586 0.15552 -1.65789e-03 -9.76891e-03 -9.00314e-03 33 47.26646 6.47858e-02
SN: 03D4cx 4 0 NULL 3 0.95112 0.00100 0.94900 0.00100 0.94900 0.00100 0 0 2.40000e-02 -9 -9 -9 -9 16.25235 8.62182 -99 52880.789 1.509 -1.59212e-02 0.18345 0.14078 0.13490 2.18000 0 43.87591 0.27379 -5.74716e-03 -3.07285e-02 -2.25481e-02 17 22.04736 0.22989
SN: 03D4cy 4 0 NULL 3 0.92919 0.00100 0.92710 0.00100 0.92710 0.00100 0 0 2.80000e-02 -9 -9 -9 -9 18.82900 6.74107 5.06102 52898.355 0.578 -1.85899e-01 0.18419 0.24362 0.18700 2.18000 0 43.90660 0.27683 -1.76534e-02 -1.16254e-02 -3.66717e-02 32 43.06028 0.11289
SN: 03D4cz 4 0 NULL 3 0.69684 0.00100 0.69500 0.00100 0.69500 0.00100 0 0 2.90000e-02 -9 -9 -9 -9 20.86481 13.46352 8.06199 52895.016 0.352 0.44696 0.13910 7.47633e-02 6.44445e-02 2.18000 0 42.99350 0.19843 -2.89770e-03 -2.40902e-02 -1.97929e-03 32 36.20889 0.32118
SN: 03D4dh 4 0 NULL 3 0.62857 0.00100 0.62680 0.00100 0.62680 0.00100 0 0 2.90000e-02 -9 -9 -9 -9 60.72884 46.86903 13.50000 52903.262 0.328 -3.74006e-01 5.87958e-02 0.19939 0.11106 2.18000 0 42.91908 0.15061 -2.14664e-03 -5.67862e-04 -1.51626e-02 26 17.98369 0.90402
SN: 03D4di 4 0 NULL 3 0.90707 0.00100 0.90500 0.00100 0.90500 0.00100 0 0 2.60000e-02 -9 -9 -9 -9 24.20495 13.07281 7.73589 52898.848 0.440 -3.31266e-01 9.62723e-02 0.20959 0.14713 2.18000 0 43.76259 0.22750 -5.60094e-03 -1.53140e-03 -2.94793e-02 32 30.34421 0.60001
SN: 03D4dy 4 0 NULL 3 0.60574 0.00100 0.60400 0.00100 0.60400 0.00100 0 0 2.60000e-02 -9 -9 -9 -9 63.99334 55.56117 13.15295 52901.793 0.293 -3.59996e-01 5.97792e-02 0.40232 0.11646 2.18000 0 42.52862 0.15505 -2.42020e-03 -4.40474e-04 -1.63774e-02 27 18.43879 0.91456
SN: 03D4fd 4 0 NULL 3 0.79295 0.00100 0.79100 0.00100 0.79100 0.00100 0 0 2.80000e-02 -9 -9 -9 -9 32.25580 13.83603 6.01798 52937.184 0.811 -1.66743e-01 0.13995 0.17146 0.11790 2.18000 0 43.65066 0.17622 -8.17578e-03 -7.25339e-03 -1.38264e-02 12 9.77501 0.71222
SN: 03D4gf 4 0 NULL 3 0.58271 0.00100 0.58100 0.00100 0.58100 0.00100 0 0 2.70000e-02 -9 -9 -9 -9 55.70924 34.50368 10.71367 52934.434 0.584 -2.42858e-01 0.12671 0.17429 0.11138 2.18000 0 42.82306 0.15873 -5.62502e-03 -7.66490e-03 -1.22805e-02 11 14.27310 0.28361
SN: 03D4gg 4 0 NULL 3 0.59372 0.00100 0.59200 0.00100 0.59200 0.00100 0 0 2.70000e-02 -9 -9 -9 -9 36.00376 23.54712 6.19310 52941.113 0.731 -1.41224e-01 0.17442 0.33986 0.16671 2.18000 0 42.55219 0.22290 -1.54902e-02 -8.54754e-03 -2.59128e-02 8 5.80525 0.75924
SN: 04D1aj 4 0 NULL 3 0.72237 0.00100 0.72100 0.00100 0.72100 0.00100 0 0 3.00000e-02 -9 -9 -9 -9 23.99865 22.24257 10.31272 52997.703 1.193 -3.10329e-01 0.12828 0.24816 0.15662 2.18000 0 43.28094 0.21041 -1.01894e-02 -6.31265e-04 -2.76422e-02 13 9.40039 0.80458
SN: 04D1ak 4 0 NULL 3 0.52721 0.00100 0.52600 0.00100 0.52600 0.00100 0 0 2.60000e-02 -9 -9 -9 -9 35.05500 29.68801 5.74301 53010.852 0.261 0.52941 0.17131 0.17646 0.15242 2.18000 0 42.29886 0.18409 -1.84123e-02 -1.69349e-02 -5.77424e-03 13 14.81561 0.39087
SN: 04D2fp 4 0 NULL 3 0.41336 0.00100 0.41500 0.00100 0.41500 0.00100 0 0 2.00000e-02 -9 -9 -9 -9 79.73012 66.47125 41.03134 53106.355 0.326 -1.07002e-01 8.27247e-02 0.17834 8.73413e-02 2.18000 0 41.88814 0.11273 -3.47717e-03 -3.29705e-03 -6.15829e-03 17 10.84845 0.90068
SN: 04D2fs 4 0 NULL 3 0.35543 0.00100 0.35700 0.00100 0.35700 0.00100 0 0 1.70000e-02 -9 -9 -9 -9 81.61819 80.39700 60.56211 53106.500 0.295 -1.52813e-01 8.14818e-02 0.38396 8.85389e-02 2.18000 0 41.51900 0.10916 -3.44413e-03 -3.04125e-03 -6.16896e-03 17 8.13182 0.97661
SN: 04D2gb 4 0 NULL 3 0.42834 0.00100 0.43000 0.00100 0.43000 0.00100 0 0 2.00000e-02 -9 -9 -9 -9 43.62826 42.78938 26.72519 53108.262 0.295 0.54191 8.60447e-02 7.02238e-02 6.35897e-02 2.18000 0 41.69941 0.11263 -2.58843e-03 -6.93169e-03 -1.68628e-03 17 18.86657 0.40008
SN: 04D2gp 4 0 NULL 3 0.70503 0.00100 0.70700 0.00100 0.70700 0.00100 0 0 1.90000e-02 -9 -9 -9 -9 15.96723 15.19278 -99 53110.746 0.776 0.31320 0.17745 0.13438 0.11864 2.18000 0 43.14263 0.26642 -6.35025e-03 -3.31100e-02 -1.42573e-02 9 16.19624 9.41510e-02
SN: 04D2iu 4 0 NULL 3 0.68904 0.00100 0.69100 0.00100 0.69100 0.00100 0 0 1.90000e-02 -9 -9 -9 -9 18.25651 15.77873 4.15643 53121.090 0.676 0.48151 0.20926 0.14315 0.10736 2.18000 0 43.03046 0.31090 -6.90468e-03 -5.46006e-02 -7.99456e-03 8 8.21268 0.51286
SN: 04D2ja 4 0 NULL 3 0.73898 0.00100 0.74100 0.00100 0.74100 0.00100 0 0 0 -9 -9 -9 -9 22.96251 20.79127 3.00108 53121.523 0.681 -1.56389e-01 0.14955 0.10204 9.47467e-02 2.18000 0 43.59558 0.20782 -2.89743e-03 -2.13719e-02 -1.07067e-02 8 4.76558 0.85425
SN: 04D3co 4 0 NULL 3 0.61937 0.00100 0.62000 0.00100 0.62000 0.00100 0 0 1.00000e-02 -9 -9 -9 -9 30.48931 30.39814 7.92228 53101.016 0.404 -7.83333e-02 0.10196 0.14451 9.67232e-02 2.18000 0 43.20601 0.15232 -4.07012e-03 -7.73860e-03 -8.40892e-03 41 28.61560 0.94270
SN: 04D3cp 4 0 NULL 3 0.82930 0.00100 0.83000 0.00100 0.83000 0.00100 0 0 8.00000e-03 -9 -9 -9 -9 25.18820 23.08157 7.00479 53108.203 0.540 -4.05652e-01 5.94397e-02 3.59585e-02 3.63184e-02 2.18000 0 43.88891 8.73699e-02 -2.28629e-04 -3.55232e-03 -1.84222e-03 45 34.68983 0.88905
SN: 04D3cy 4 0 NULL 3 0.64236 0.00100 0.64300 0.00100 0.64300 0.00100 0 0 1.10000e-02 -9 -9 -9 -9 32.83851 31.77914 8.73064 53099.781 0.402 -3.02140e-01 8.94801e-02 0.24596 0.14015 2.18000 0 43.24032 0.19594 -4.29470e-03 -3.12018e-03 -2.34331e-02 41 48.06262 0.24069
SN: 04D3df 4 0 NULL 3 0.46942 0.00100 0.47000 0.00100 0.47000 0.00100 0 0 9.00000e-03 -9 -9 -9 -9 70.92453 46.42577 19.62484 53119.625 0.364 0.70447 0.12111 0.14201 0.11461 2.18000 0 42.00933 0.10446 -1.11123e-02 -5.58157e-03 -2.04478e-03 48 77.62833 5.68762e-03
SN: 04D3do 4 0 NULL 3 0.60936 0.00100 0.61000 0.00100 0.61000 0.00100 0 0 9.00000e-03 -9 -9 -9 -9 50.29693 34.60318 12.78171 53112.867 0.444 0.15501 8.43274e-02 5.92559e-02 5.68832e-02 2.18000 0 42.88267 0.11644 -1.13190e-03 -7.17186e-03 -3.01606e-03 41 38.52513 0.62430
SN: 04D3ez 4 0 NULL 3 0.26252 0.00100 0.26300 0.00100 0.26300 0.00100 0 0 1.00000e-02 -9 -9 -9 -9 195.40289 151.83180 103.01408 53114.582 0.534 0.11659 7.70765e-02 0.28968 7.76346e-02 2.18000 0 40.66238 9.03300e-02 -2.91593e-03 -3.43956e-03 -3.54877e-03 39 19.38278 0.99755
SN: 04D3fk 4 0 NULL 3 0.35727 0.00100 0.35780 0.00100 0.35780 0.00100 0 0 8.00000e-03 -9 -9 -9 -9 128.44687 97.12315 83.67437 53126.082 0.245 -1.47562e-01 5.93525e-02 0.49676 6.63541e-02 2.18000 0 41.52022 8.19350e-02 -1.70236e-03 -1.98352e-03 -3.38740e-03 50 38.34780 0.90439
SN: 04D3fq 4 0 NULL 3 0.72931 0.00100 0.73000 0.00100 0.73000 0.00100 0 0 1.10000e-02 -9 -9 -9 -9 22.80695 18.05931 8.22915 53119.410 0.685 4.24672e-02 0.12260 0.11498 9.50078e-02 2.18000 0 43.39473 0.17234 -3.71705e-03 -1.21826e-02 -9.44801e-03 41 38.40979 0.62935
SN: 04D3gt 4 0 NULL 3 0.45045 0.00100 0.45100 0.00100 0.45100 0.00100 0 0 1.00000e-02 -9 -9 -9 -9 66.04494 45.37150 29.04821 53137.078 0.210 2.68246e-02 6.61195e-02 0.71670 7.86699e-02 2.18000 0 41.64799 9.51585e-02 -2.69082e-03 -1.97920e-03 -4.74659e-03 47 54.13209 0.25193
SN: 04D3gx 4 0 NULL 3 0.90925 0.00100 0.91000 0.00100 0.91000 0.00100 0 0 1.20000e-02 -9 -9 -9 -9 19.85758 18.50932 6.48691 53124.816 0.865 -1.33784e-01 0.12203 0.10145 8.75645e-02 2.18000 0 44.14409 0.18098 -2.97021e-03 -1.35172e-02 -9.02246e-03 38 28.84197 0.88323
SN: 04D3hn 4 0 NULL 3 0.55100 0.00100 0.55160 0.00100 0.55160 0.00100 0 0 1.20000e-02 -9 -9 -9 -9 55.88785 45.82038 16.59284 53136.918 0.237 0.11040 9.58022e-02 0.71486 0.10928 2.18000 0 41.87886 0.12975 -5.94120e-03 -3.22369e-03 -9.02045e-03 36 54.89224 2.93282e-02
SN: 04D3is 4 0 NULL 3 0.70933 0.00100 0.71000 0.00100 0.71000 0.00100 0 0 1.00000e-02 -9 -9 -9 -9 24.36354 18.51991 6.51783 53143.012 0.530 6.50225e-02 0.13945 0.68217 0.19148 2.18000 0 42.66137 0.23595 -1.62077e-02 4.57764e-04 -3.59197e-02 34 44.67721 0.12660
SN: 04D3ki 4 0 NULL 3 0.92924 0.00100 0.93000 0.00100 0.93000 0.00100 0 0 1.00000e-02 -9 -9 -9 -9 21.75855 6.86386 5.48358 53142.309 0.585 0.37256 0.16402 0.25476 0.16824 2.18000 0 43.46103 0.22805 -1.82761e-02 -1.10821e-02 -1.94250e-02 35 52.34137 3.84057e-02
SN: 04D3kr 4 0 NULL 3 0.33677 0.00100 0.33730 0.00100 0.33730 0.00100 0 0 1.00000e-02 -9 -9 -9 -9 210.83951 173.78049 160.13402 53163.520 0.191 -3.48467e-01 5.25270e-02 0.16572 6.77993e-02 2.18000 0 41.47991 8.12052e-02 -1.44025e-03 -1.20890e-03 -4.02798e-03 31 24.34034 0.83184
SN: 04D3ks 4 0 NULL 3 0.75132 0.00100 0.75200 0.00100 0.75200 0.00100 0 0 1.20000e-02 -9 -9 -9 -9 24.35359 24.12253 -99 53161.379 0.545 -2.38030e-01 0.11572 0.22060 0.14895 2.18000 0 43.23092 0.22287 -7.37509e-03 -3.82787e-03 -2.72378e-02 19 17.16206 0.64243
SN: 04D3lp 4 0 NULL 3 0.98223 0.00100 0.98300 0.00100 0.98300 0.00100 0 0 1.20000e-02 -9 -9 -9 -9 15.33195 5.07229 -99 53148.910 1.137 -6.11497e-02 0.20209 0.12368 9.93602e-02 2.18000 0 44.45166 0.29193 -2.89677e-03 -4.79067e-02 -1.22380e-02 17 27.69022 6.69286e-02
SN: 04D3lu 4 0 NULL 3 0.82111 0.00100 0.82180 0.00100 0.82180 0.00100 0 0 1.00000e-02 -9 -9 -9 -9 29.53646 25.14315 10.21302 53168.164 0.453 3.24996e-02 0.15454 0.19018 0.14487 2.18000 0 43.50430 0.22304 -9.82208e-03 -1.28402e-02 -2.12484e-02 23 38.72817 2.91569e-02
SN: 04D3ml 4 0 NULL 3 0.94924 0.00100 0.95000 0.00100 0.95000 0.00100 0 0 1.10000e-02 -9 -9 -9 -9 17.46616 9.29110 -99 53178.227 1.141 -3.48716e-01 0.12797 0.18815 0.14166 2.18000 0 44.08833 0.24953 -2.45774e-03 -1.30430e-02 -2.95014e-02 10 11.80035 0.37884
SN: 04D3nc 4 0 NULL 3 0.81627 0.00100 0.81700 0.00100 0.81700 0.00100 0 0 1.30000e-02 -9 -9 -9 -9 28.41842 19.16549 8.42176 53185.773 0.490 -3.27534e-01 0.12117 0.22405 0.13049 2.18000 0 43.68566 0.18743 -8.20441e-03 -2.94274e-03 -1.87489e-02 16 19.12829 0.32122
SN: 04D3nh 4 0 NULL 3 0.33968 0.00100 0.34020 0.00100 0.34020 0.00100 0 0 1.10000e-02 -9 -9 -9 -9 152.54858 138.73418 92.80943 53173.426 0.486 -2.55559e-01 7.77603e-02 0.20890 7.75718e-02 2.18000 0 41.55597 8.53843e-02 -3.32739e-03 -2.05035e-03 -4.00217e-03 22 6.09580 0.99983
SN: 04D3nr 4 0 NULL 3 0.95925 0.00100 0.96000 0.00100 0.96000 0.00100 0 0 9.00000e-03 -9 -9 -9 -9 16.01542 11.89662 -99 53183.258 0.900 -2.16713e-02 0.19534 0.11521 9.32795e-02 2.18000 0 43.96088 0.26123 -3.89988e-03 -4.11170e-02 -9.28331e-03 8 9.33444 0.40699
SN: 04D4an 4 0 NULL 3 0.61475 0.00100 0.61300 0.00100 0.61300 0.00100 0 0 2.50000e-02 -9 -9 -9 -9 40.56353 34.25016 11.18170 53183.207 0.560 0.36977 0.13741 0.12570 0.11414 2.18000 0 42.96766 0.15699 -9.42584e-03 -1.19841e-02 -5.60996e-03 18 14.84233 0.73256
SN: 04D4bk 4 0 NULL 3 0.84199 0.00100 0.84000 0.00100 0.84000 0.00100 0 0 2.80000e-02 -9 -9 -9 -9 32.43885 24.52970 11.77001 53190.051 0.501 -3.47205e-01 0.10767 0.16559 0.12725 2.18000 0 43.84444 0.18591 -6.44698e-03 -2.30557e-03 -1.91816e-02 20 21.78462 0.41201
SN: 04D4bq 4 0 NULL 3 0.55168 0.00100 0.55000 0.00100 0.55000 0.00100 0 0 2.60000e-02 -9 -9 -9 -9 36.36527 34.60318 14.29511 53192.410 0.319 -9.97641e-02 0.14155 0.42533 0.12690 2.18000 0 42.32561 0.16028 -1.01338e-02 -6.97276e-03 -1.23844e-02 16 17.31509 0.43322
SN: 04D4dm 4 0 NULL 3 0.81297 0.00100 0.81100 0.00100 0.81100 0.00100 0 0 2.60000e-02 -9 -9 -9 -9 22.70469 14.35200 8.16918 53197.891 0.524 2.88190e-02 0.14741 0.21699 0.14361 2.18000 0 43.55544 0.18099 -1.29072e-02 -5.39158e-03 -1.67702e-02 20 29.71491 9.78684e-02
SN: 04D4dw 4 0 NULL 3 0.96313 0.00100 0.96100 0.00100 0.96100 0.00100 0 0 2.90000e-02 -9 -9 -9 -9 26.91470 7.42965 -99 53197.578 0.823 -2.69417e-01 0.15255 0.14118 0.11605 2.18000 0 44.10196 0.22898 -2.47719e-03 -1.96171e-02 -1.89106e-02 12 9.57123 0.72856
