# VERSION_SNANA      = v11_02g 
# VERSION_PHOTOMETRY = ESSENCE_WV07 
# SNANA_VERSION : v11_02g 
# TABLE NAME: FITRES 
# 
VARNAMES:  CID IDSURVEY TYPE FIELD CUTFLAG_SNANA zHEL zHELERR zCMB zCMBERR zHD zHDERR VPEC VPECERR MWEBV HOST_LOGMASS HOST_LOGMASS_ERR HOST_sSFR HOST_sSFR_ERR SNRMAX1 SNRMAX2 SNRMAX3 PKMJD PKMJDERR x1 x1ERR c cERR mB mBERR x0 x0ERR COV_x1_c COV_x1_x0 COV_c_x0 NDOF FITCHI2 FITPROB 
#
SN: b013 3 0 NULL 3 0.42708 0.00400 0.42600 0.00400 0.42600 0.00400 0 0 3.10000e-02 -9 -9 -9 -9 33.31550 28.42995 0 52587.543 1.006 -5.39219e-01 0.50107 -1.67790e-02 6.09779e-02 22.62486 4.98004e-02 1.59977e-05 7.33780e-07 -8.83759e-03 -2.88069e-08 -3.37908e-08 17 7.97364 0.96711
SN: d083 3 0 NULL 3 0.33402 0.00200 0.33300 0.00200 0.33300 0.00200 0 0 2.80000e-02 -9 -9 -9 -9 96.97137 65.05478 0 52938.508 0.576 1.26195 0.33471 -1.19950e-01 4.52576e-02 20.97888 4.60257e-02 7.28532e-05 3.08834e-06 -8.03632e-04 -2.52164e-07 -1.19746e-07 20 17.98945 0.58810
SN: d084 3 0 NULL 3 0.52016 0.00700 0.51900 0.00700 0.51900 0.00700 0 0 2.50000e-02 -9 -9 -9 -9 12.74619 10.88712 0 52937.812 0.833 -3.78514e-02 0.88834 4.68367e-02 9.84361e-02 23.60878 6.20281e-02 6.46379e-06 3.69276e-07 -8.55428e-03 -1.67834e-07 -1.68709e-08 19 24.05936 0.19389
SN: d085 3 0 NULL 3 0.40266 0.00100 0.40100 0.00100 0.40100 0.00100 0 0 3.50000e-02 -9 -9 -9 -9 34.79047 22.39969 0 52943.129 0.482 0.79325 0.50937 1.86280e-03 6.40711e-02 22.45765 5.46491e-02 1.86611e-05 9.39284e-07 -4.49836e-03 -2.22254e-07 -4.04385e-08 15 22.25648 0.10125
SN: d086 3 0 NULL 3 0.20642 0.00300 0.20500 0.00300 0.20500 0.00300 0 0 3.50000e-02 -9 -9 -9 -9 71.61199 47.36589 0 52946.930 0.227 -3.96861e-01 0.25975 5.94860e-02 7.75886e-02 21.02065 9.13948e-02 7.01035e-05 5.90116e-06 1.48704e-03 -4.14504e-07 -4.35489e-07 17 8.01470 0.96623
SN: d089 3 0 NULL 3 0.43711 0.00600 0.43600 0.00600 0.43600 0.00600 0 0 3.00000e-02 -9 -9 -9 -9 42.52752 22.42329 0 52930.258 0.981 0.25087 0.43248 -8.14291e-02 5.72309e-02 22.46839 5.03645e-02 1.84775e-05 8.57125e-07 -3.43402e-03 -4.30565e-08 -3.57227e-08 22 25.67356 0.26596
SN: d093 3 0 NULL 3 0.36404 0.00600 0.36300 0.00600 0.36300 0.00600 0 0 3.20000e-02 -9 -9 -9 -9 40.89912 28.40032 0 52948.348 0.442 1.32431 0.40835 -1.40871e-01 5.93853e-02 21.92079 5.98305e-02 3.05975e-05 1.68610e-06 1.72197e-04 -3.28565e-07 -7.83318e-08 27 34.84812 0.14276
SN: d097 3 0 NULL 3 0.43708 0.00800 0.43600 0.00800 0.43600 0.00800 0 0 3.10000e-02 -9 -9 -9 -9 41.90464 31.08727 0 52937.520 0.616 1.71815 0.54390 -2.60509e-02 6.88027e-02 22.50385 6.04772e-02 1.78838e-05 9.96158e-07 -5.22348e-03 -1.93556e-07 -4.93179e-08 25 30.74871 0.19748
SN: d117 3 0 NULL 3 0.30999 0.00600 0.30900 0.00600 0.30900 0.00600 0 0 2.90000e-02 -9 -9 -9 -9 24.29372 15.82327 0 52949.285 0.370 -1.62815e+00 0.40039 5.21929e-02 8.66455e-02 22.36530 9.43625e-02 2.03179e-05 1.76585e-06 1.56761e-03 -2.55110e-07 -1.36265e-07 20 11.32485 0.93736
SN: d149 3 0 NULL 3 0.34315 0.00600 0.34200 0.00600 0.34200 0.00600 0 0 2.00000e-02 -9 -9 -9 -9 45.16666 34.86153 0 52955.887 0.391 0.60892 0.45935 -6.12298e-02 5.32826e-02 22.09538 5.56095e-02 2.60525e-05 1.33436e-06 -6.93352e-03 -2.30075e-07 -4.99977e-08 25 25.23059 0.44951
SN: e020 3 0 NULL 3 0.16037 0.00700 0.15900 0.00700 0.15900 0.00700 0 0 3.40000e-02 -9 -9 -9 -9 111.60997 69.30595 0 52966.273 0.352 -1.10353e-01 0.52305 0.19564 0.11098 20.91561 0.13745 7.72249e-05 9.77647e-06 1.81271e-02 -2.05450e-06 -1.06582e-06 14 4.56236 0.99102
SN: e029 3 0 NULL 3 0.33342 0.00800 0.33200 0.00800 0.33200 0.00800 0 0 3.50000e-02 -9 -9 -9 -9 33.33475 23.26911 0 52965.531 0.864 -1.97057e+00 1.32436 3.21204e-02 8.31384e-02 22.42302 8.24099e-02 1.92661e-05 1.46234e-06 1.76352e-02 -7.12452e-07 -1.07522e-07 8 4.35561 0.82370
SN: e132 3 0 NULL 3 0.24007 0.00600 0.23900 0.00600 0.23900 0.00600 0 0 2.60000e-02 -9 -9 -9 -9 54.61897 42.18461 0 52973.633 0.264 -2.52791e-01 0.31614 0.18918 6.02710e-02 21.71126 6.88944e-02 3.71103e-05 2.35480e-06 5.58215e-03 -3.14112e-07 -1.35347e-07 22 13.80632 0.90821
SN: e136 3 0 NULL 3 0.35316 0.00700 0.35200 0.00700 0.35200 0.00700 0 0 2.30000e-02 -9 -9 -9 -9 32.41920 22.44388 0 52967.910 0.605 -1.84592e+00 0.64695 9.99281e-02 6.32899e-02 22.73531 5.33057e-02 1.44503e-05 7.09455e-07 -1.63461e-03 -8.09315e-08 -3.90456e-08 22 19.03801 0.64298
SN: e138 3 0 NULL 3 0.61321 0.00900 0.61200 0.00900 0.61200 0.00900 0 0 3.30000e-02 -9 -9 -9 -9 20.64192 12.18633 0 52957.883 0.764 0.74831 0.67368 -5.09317e-02 8.40394e-02 23.42277 6.85896e-02 7.67168e-06 4.84646e-07 2.55266e-03 -2.63822e-07 -6.57752e-09 21 29.73205 9.75061e-02
SN: e140 3 0 NULL 3 0.63224 0.00700 0.63100 0.00700 0.63100 0.00700 0 0 3.30000e-02 -9 -9 -9 -9 20.62200 17.16846 0 52969.539 0.215 0.26951 0.55917 3.96182e-02 5.92113e-02 23.35864 3.05542e-02 8.13849e-06 2.29029e-07 -7.15609e-04 -4.52561e-08 -2.60870e-09 23 40.59686 1.31628e-02
SN: e147 3 0 NULL 3 0.64625 0.01000 0.64500 0.01000 0.64500 0.01000 0 0 3.40000e-02 -9 -9 -9 -9 15.53655 14.19149 0 52962.133 0.759 -2.35417e-01 0.47102 -1.56793e-01 6.80861e-02 23.31914 4.94824e-02 8.44003e-06 3.84654e-07 8.19843e-03 -1.23497e-07 -9.51710e-09 24 21.26627 0.62297
SN: e148 3 0 NULL 3 0.43008 0.00600 0.42900 0.00600 0.42900 0.00600 0 0 3.30000e-02 -9 -9 -9 -9 35.51587 26.04167 0 52976.582 0.383 -1.18593e+00 0.42361 -7.22426e-02 5.36022e-02 22.63912 4.45094e-02 1.57889e-05 6.47259e-07 -1.43000e-03 -1.02354e-07 -2.43069e-08 21 27.51613 0.15442
SN: e149 3 0 NULL 3 0.49813 0.00600 0.49700 0.00600 0.49700 0.00600 0 0 3.20000e-02 -9 -9 -9 -9 18.20595 15.33968 0 52951.414 0.391 -2.44553e-01 0.41632 -1.20910e-02 6.12555e-02 22.90578 5.90413e-02 1.23506e-05 6.71614e-07 7.60659e-03 -2.06057e-07 -2.84707e-08 28 37.24567 0.11354
SN: f011 3 0 NULL 3 0.54032 0.00400 0.53900 0.00400 0.53900 0.00400 0 0 2.00000e-02 -9 -9 -9 -9 21.34687 17.03135 0 52985.023 2.128 -1.45260e+00 1.14034 8.66006e-03 7.83990e-02 23.26103 0.11060 8.90408e-06 9.07012e-07 3.45330e-02 -9.07398e-07 -4.30691e-08 14 14.84381 0.38891
SN: f244 3 0 NULL 3 0.54120 0.00400 0.54000 0.00400 0.54000 0.00400 0 0 2.70000e-02 -9 -9 -9 -9 18.81417 11.27120 0 52985.480 1.320 -3.64794e-01 0.82926 -5.70613e-02 8.60690e-02 23.28456 6.33914e-02 8.71320e-06 5.08725e-07 3.25982e-03 -2.23771e-07 -1.99394e-08 11 8.70920 0.64871
SN: g005 3 0 NULL 3 0.21944 0.00700 0.21800 0.00700 0.21800 0.00700 0 0 2.80000e-02 -9 -9 -9 -9 74.59391 62.09227 0 53295.305 0.552 1.27155 0.40475 0.15028 7.82687e-02 21.28213 9.12207e-02 5.50998e-05 4.62934e-06 -4.41875e-04 -3.33793e-07 -3.44496e-07 21 14.00439 0.86941
SN: g050 3 0 NULL 3 0.63492 0.00600 0.63300 0.00600 0.63300 0.00600 0 0 2.40000e-02 -9 -9 -9 -9 18.16801 15.41483 0 53302.762 0.660 -7.90241e-02 0.60746 5.42648e-02 8.49763e-02 23.15833 5.33938e-02 9.78740e-06 4.81320e-07 8.15370e-03 -2.01658e-07 -1.18772e-08 13 26.21414 1.59095e-02
SN: g052 3 0 NULL 3 0.38463 0.00800 0.38300 0.00800 0.38300 0.00800 0 0 3.10000e-02 -9 -9 -9 -9 27.23871 25.07340 0 53297.730 0.544 -1.72740e+00 0.52285 -1.35375e-01 9.93190e-02 22.35277 8.67531e-02 2.05538e-05 1.64230e-06 -5.69575e-03 -1.97730e-07 -1.34666e-07 14 7.94476 0.89218
SN: g055 3 0 NULL 3 0.30337 0.00600 0.30200 0.00600 0.30200 0.00600 0 0 2.80000e-02 -9 -9 -9 -9 16.58512 15.37192 0 53287.762 0.925 1.71152 0.65301 0.44502 0.10825 23.11526 0.12839 1.01835e-05 1.20421e-06 -1.04788e-02 -6.18178e-08 -1.21648e-07 18 23.01496 0.19002
SN: g097 3 0 NULL 3 0.34158 0.00400 0.34000 0.00400 0.34000 0.00400 0 0 3.10000e-02 -9 -9 -9 -9 33.77085 24.88919 0 53300.578 0.439 0.56376 0.48181 0.12961 7.72769e-02 22.25294 8.24306e-02 2.25332e-05 1.71075e-06 -3.28359e-03 -2.08566e-07 -1.16130e-07 14 10.90347 0.69360
SN: g120 3 0 NULL 3 0.51160 0.00900 0.51000 0.00900 0.51000 0.00900 0 0 2.90000e-02 -9 -9 -9 -9 27.80012 22.35423 0 53299.449 0.701 0.25730 0.50701 6.64367e-02 5.92187e-02 22.80991 4.33236e-02 1.34908e-05 5.38317e-07 2.01987e-03 -1.41673e-07 -1.91375e-08 23 43.29805 6.38299e-03
SN: g142 3 0 NULL 3 0.40066 0.00300 0.39900 0.00300 0.39900 0.00300 0 0 2.80000e-02 -9 -9 -9 -9 18.72765 15.36025 0 53296.402 0.943 -2.72426e+00 0.83671 0.28134 0.13028 23.40581 0.11600 7.79247e-06 8.32561e-07 -1.66395e-02 -5.47781e-08 -9.53964e-08 23 23.31166 0.44270
SN: g160 3 0 NULL 3 0.49413 0.00300 0.49300 0.00300 0.49300 0.00300 0 0 3.00000e-02 -9 -9 -9 -9 24.34587 15.82542 0 53285.211 0.995 1.60049 0.70522 5.57467e-02 8.68281e-02 22.96873 7.72012e-02 1.16549e-05 8.28721e-07 1.26791e-03 -3.88317e-07 -3.76407e-08 16 13.96019 0.60168
SN: g240 3 0 NULL 3 0.68900 0.00500 0.68700 0.00500 0.68700 0.00500 0 0 3.00000e-02 -9 -9 -9 -9 14.68771 13.51132 0 53308.070 0.802 -2.00377e-01 0.88364 -2.06364e-01 9.68855e-02 23.38177 7.53106e-02 7.96694e-06 5.52615e-07 2.91890e-02 -3.92685e-07 -1.32456e-08 16 17.12090 0.37782
SN: h283 3 0 NULL 3 0.50332 0.00800 0.50200 0.00800 0.50200 0.00800 0 0 2.70000e-02 -9 -9 -9 -9 29.14945 14.87551 0 53321.789 1.156 -2.61180e+00 0.92984 0.19230 0.10254 23.44209 7.89065e-02 7.53641e-06 5.47712e-07 -4.56151e-03 -1.13683e-07 -4.43143e-08 21 29.03637 0.11313
SN: h300 3 0 NULL 3 0.68827 0.01200 0.68700 0.01200 0.68700 0.01200 0 0 2.90000e-02 -9 -9 -9 -9 18.15441 13.59966 0 53310.820 0.730 0.57002 0.66172 -2.41861e-02 8.33603e-02 23.47407 5.76571e-02 7.31768e-06 3.88599e-07 9.35254e-03 -1.94024e-07 -1.55754e-09 22 17.04368 0.76095
SN: h319 3 0 NULL 3 0.49629 0.00400 0.49500 0.00400 0.49500 0.00400 0 0 2.10000e-02 -9 -9 -9 -9 29.91315 19.46922 0 53338.168 0.650 1.10244 0.69512 -3.60086e-02 5.65501e-02 22.87340 4.95932e-02 1.27244e-05 5.81214e-07 1.23708e-03 -2.74456e-07 -1.76813e-08 13 15.74134 0.26338
SN: h323 3 0 NULL 3 0.60423 0.00600 0.60300 0.00600 0.60300 0.00600 0 0 3.50000e-02 -9 -9 -9 -9 20.37698 9.97100 0 53329.020 0.625 -3.34972e-01 0.63448 -4.11447e-03 8.85069e-02 23.48305 5.32612e-02 7.25737e-06 3.56013e-07 4.19484e-03 -1.46920e-07 -6.44283e-09 16 15.99446 0.45335
SN: h342 3 0 NULL 3 0.42207 0.00200 0.42100 0.00200 0.42100 0.00200 0 0 2.90000e-02 -9 -9 -9 -9 33.04922 23.62350 0 53325.812 2.239 3.43594 1.25078 -1.45172e-01 9.32096e-02 22.43995 9.03043e-02 1.89680e-05 1.57763e-06 -2.91747e-02 -4.32096e-07 -1.09002e-07 23 9.62609 0.99336
SN: h359 3 0 NULL 3 0.34916 0.00400 0.34800 0.00400 0.34800 0.00400 0 0 2.10000e-02 -9 -9 -9 -9 32.77697 23.10114 0 53342.910 0.482 -1.08649e-01 0.41768 4.45794e-02 6.22753e-02 22.57869 5.84717e-02 1.66926e-05 8.98972e-07 -5.37813e-03 -8.34377e-08 -4.60634e-08 18 14.17702 0.71748
SN: h363 3 0 NULL 3 0.21406 0.00600 0.21300 0.00600 0.21300 0.00600 0 0 2.50000e-02 -9 -9 -9 -9 66.18111 35.71857 0 53339.363 0.287 -6.58110e-01 0.30351 0.28940 8.31441e-02 21.93211 9.70675e-02 3.02799e-05 2.70710e-06 8.88050e-04 -2.08241e-07 -2.13874e-07 18 8.82655 0.96363
SN: h364 3 0 NULL 3 0.34503 0.00700 0.34400 0.00700 0.34400 0.00700 0 0 3.40000e-02 -9 -9 -9 -9 38.81976 30.86699 0 53333.941 0.365 -3.59389e-01 0.34769 -1.14919e-01 5.84503e-02 21.74359 5.67036e-02 3.60219e-05 1.88128e-06 -2.19410e-03 -2.19583e-07 -8.80746e-08 19 12.10348 0.88115
SN: k425 3 0 NULL 3 0.27534 0.00300 0.27400 0.00300 0.27400 0.00300 0 0 2.90000e-02 -9 -9 -9 -9 36.93806 33.08588 0 53336.148 0.313 -3.95700e-01 0.42416 0.13757 6.70580e-02 21.97068 8.15261e-02 2.92233e-05 2.19433e-06 5.65154e-03 -4.31311e-07 -1.34822e-07 12 16.14244 0.18480
SN: k429 3 0 NULL 3 0.18192 0.00800 0.18100 0.00800 0.18100 0.00800 0 0 3.10000e-02 -9 -9 -9 -9 125.91268 78.87847 0 53351.441 0.357 0.20424 0.31391 -1.01227e-01 9.67217e-02 20.31283 0.11845 1.34545e-04 1.46788e-05 5.33844e-03 -1.46813e-06 -1.37523e-06 10 2.80957 0.98556
SN: k448 3 0 NULL 3 0.40250 0.00500 0.40100 0.00500 0.40100 0.00500 0 0 3.20000e-02 -9 -9 -9 -9 15.11024 11.92642 0 53358.188 1.879 0.26795 1.33768 0.19602 0.11787 23.29438 0.10335 8.63473e-06 8.21942e-07 -1.06221e-02 6.10867e-08 -8.14638e-08 11 4.00633 0.96973
SN: k485 3 0 NULL 3 0.41722 0.00500 0.41600 0.00500 0.41600 0.00500 0 0 2.40000e-02 -9 -9 -9 -9 12.94853 11.70103 0 53350.480 1.305 -4.57716e-01 1.26784 0.53937 0.10360 23.87302 9.61531e-02 5.06750e-06 4.48779e-07 1.97295e-03 -1.70819e-07 -4.06897e-08 13 18.29852 0.14651
SN: m158 3 0 NULL 3 0.46473 0.00700 0.46300 0.00700 0.46300 0.00700 0 0 3.10000e-02 -9 -9 -9 -9 20.43789 12.87864 0 53659.523 0.247 0.58887 0.55416 0.14527 8.30377e-02 23.10000 6.75408e-02 1.03276e-05 6.42453e-07 -3.00139e-03 -1.93757e-07 -3.17996e-08 14 16.36624 0.29152
SN: m193 3 0 NULL 3 0.34203 0.00900 0.34100 0.00900 0.34100 0.00900 0 0 2.80000e-02 -9 -9 -9 -9 42.82084 29.50301 0 53664.223 0.281 -3.31585e-01 0.52887 -9.37115e-02 7.16133e-02 21.62275 9.79948e-02 4.02623e-05 3.63394e-06 -3.72760e-03 -1.25598e-06 -1.66111e-07 17 12.20076 0.78783
SN: n256 3 0 NULL 3 0.63226 0.01200 0.63100 0.01200 0.63100 0.01200 0 0 3.00000e-02 -9 -9 -9 -9 26.00242 17.75499 0 53698.262 0.954 0.90378 0.70796 -1.36391e-01 5.71962e-02 23.37136 3.56123e-02 8.04369e-06 2.63834e-07 7.79892e-04 -8.94955e-08 -1.52475e-09 13 14.33801 0.35048
SN: n263 3 0 NULL 3 0.36920 0.00700 0.36800 0.00700 0.36800 0.00700 0 0 2.60000e-02 -9 -9 -9 -9 52.98280 24.52095 0 53702.465 0.540 0.15841 0.42656 -1.34499e-01 5.23074e-02 22.02503 4.63641e-02 2.77963e-05 1.18698e-06 6.17134e-04 -1.82308e-07 -5.03333e-08 14 13.68258 0.47362
SN: n278 3 0 NULL 3 0.31055 0.00600 0.30900 0.00600 0.30900 0.00600 0 0 4.00000e-02 -9 -9 -9 -9 51.81150 40.62051 0 53701.559 0.817 -1.70626e+00 0.54310 -6.25133e-02 6.52756e-02 21.75882 6.67435e-02 3.55200e-05 2.18352e-06 1.01514e-03 -1.35632e-07 -1.24425e-07 9 4.30084 0.89052
SN: n285 3 0 NULL 3 0.52982 0.00600 0.52800 0.00600 0.52800 0.00600 0 0 3.70000e-02 -9 -9 -9 -9 12.60811 11.37543 0 53688.750 2.142 1.24392 2.11009 6.68110e-02 0.11472 23.26796 0.11132 8.84744e-06 9.07117e-07 0.14005 -1.49982e-06 -6.33878e-08 9 9.35250 0.40539
SN: n326 3 0 NULL 3 0.26950 0.00600 0.26800 0.00600 0.26800 0.00600 0 0 3.00000e-02 -9 -9 -9 -9 45.13119 29.31060 0 53709.633 0.584 -4.39644e+00 0.85763 -5.49306e-02 0.16235 21.97095 0.17730 2.92160e-05 4.77102e-06 2.34683e-02 -1.08314e-06 -7.33850e-07 11 1.46462 0.99966
SN: n404 3 0 NULL 3 0.21692 0.00800 0.21600 0.00800 0.21600 0.00800 0 0 2.90000e-02 -9 -9 -9 -9 62.50543 45.05220 0 53714.148 0.323 -5.07297e-01 0.40056 0.18750 8.68824e-02 21.85791 0.10317 3.24218e-05 3.08082e-06 1.52139e-02 -6.57341e-07 -2.59205e-07 12 4.15048 0.98057
SN: p454 3 0 NULL 3 0.69647 0.01000 0.69500 0.01000 0.69500 0.01000 0 0 2.30000e-02 -9 -9 -9 -9 16.98985 13.59968 0 53706.125 0.889 -2.17671e+00 0.92588 3.93940e-02 0.10010 23.90513 4.83012e-02 4.91979e-06 2.18867e-07 -2.52614e-05 -7.35939e-08 1.59230e-09 17 21.83983 0.19096
SN: p455 3 0 NULL 3 0.28510 0.00600 0.28400 0.00600 0.28400 0.00600 0 0 2.00000e-02 -9 -9 -9 -9 54.73452 40.33148 0 53721.402 0.270 -1.00257e+00 0.35760 -4.27074e-02 5.56900e-02 21.68590 6.13101e-02 3.79874e-05 2.14510e-06 1.40283e-05 -2.62475e-07 -1.05641e-07 13 2.70989 0.99879
SN: p524 3 0 NULL 3 0.50915 0.00100 0.50800 0.00100 0.50800 0.00100 0 0 3.50000e-02 -9 -9 -9 -9 24.94826 19.80441 0 53720.332 0.543 0.86519 0.64869 2.73443e-03 5.76799e-02 22.92987 5.78762e-02 1.20796e-05 6.43914e-07 4.37843e-03 -3.14765e-07 -1.73505e-08 10 3.17830 0.97691
