# VERSION_SNANA      = v11_02g 
# VERSION_PHOTOMETRY = HST_Riess06 
# SNANA_VERSION : v11_02g 
# TABLE NAME: FITRES 
# 
VARNAMES:  CID IDSURVEY TYPE FIELD CUTFLAG_SNANA zHEL zHELERR zCMB zCMBERR zHD zHDERR VPEC VPECERR MWEBV HOST_LOGMASS HOST_LOGMASS_ERR HOST_sSFR HOST_sSFR_ERR SNRMAX1 SNRMAX2 SNRMAX3 PKMJD PKMJDERR x1 x1ERR c cERR mB mBERR x0 x0ERR COV_x1_c COV_x1_x0 COV_c_x0 NDOF FITCHI2 FITPROB 
#
SN: Anguta 100 0 NULL 3 0.67200 0.00100 0.67000 0.00100 0.67000 0.00100 0 0 1.00000e-02 -9 -9 -9 -9 109.18000 36.41322 27.52727 52681.961 5.426 -1.10651e+00 0.50486 6.04359e-02 0.12619 24.16176 0.25306 3.88414e-06 9.05287e-07 5.07971e-03 -9.82927e-08 -1.02779e-07 6 0.36584 0.99980
SN: Aphrodite 100 0 NULL 3 1.30275 0.00100 1.30000 0.00100 1.30000 0.00100 0 0 1.00000e-02 -9 -9 -9 -9 27.60759 22.62500 14.09938 52553.602 0.391 0.20975 0.41158 -6.93872e-03 4.23462e-02 25.61284 2.82056e-02 1.02062e-06 2.65141e-08 8.26767e-03 -4.28265e-09 5.36027e-11 12 18.03728 0.11456
SN: Bilbo 100 0 NULL 3 0.21746 0.00100 0.21600 0.00100 0.21600 0.00100 0 0 1.00000e-02 -9 -9 -9 -9 109.33929 108.86567 -99 52640.035 0.676 1.01201 1.07538 0.40427 0.12675 22.34346 0.22823 2.07309e-05 4.35777e-06 6.66816e-02 -3.58803e-06 -4.98768e-07 1 5.55555e-02 0.81366
SN: Borg 100 0 NULL 3 1.34280 0.00100 1.34000 0.00100 1.34000 0.00100 0 0 1.00000e-02 -9 -9 -9 -9 27.72131 16.20408 16.04132 52732.109 0.183 1.86396 0.80002 6.28453e-02 5.26045e-02 25.69657 6.04122e-02 9.44873e-07 5.25743e-08 1.05925e-02 -3.06850e-08 -8.78154e-11 8 4.91294 0.76684
SN: Eagle 100 0 NULL 3 1.02242 0.00100 1.02000 0.00100 1.02000 0.00100 0 0 1.00000e-02 -9 -9 -9 -9 54.60294 22.20661 15.99559 53295.559 0.984 -2.18265e-01 0.55678 -8.39991e-02 7.54025e-02 24.89497 3.80560e-02 1.97703e-06 6.92966e-08 2.41549e-02 -2.70113e-08 -3.15164e-09 7 11.96409 0.10175
SN: Elvis 100 0 NULL 3 0.84220 0.00100 0.84000 0.00100 0.84000 0.00100 0 0 1.00000e-02 -9 -9 -9 -9 110.26923 109.33334 107.14286 52784.090 1.648 -5.65683e-01 0.63942 -2.53981e-02 4.53282e-02 24.31654 3.54979e-02 3.36808e-06 1.10119e-07 3.28215e-03 4.32611e-09 -2.33755e-09 9 5.80805 0.75897
SN: Ferguson 100 0 NULL 3 1.02242 0.00100 1.02000 0.00100 1.02000 0.00100 0 0 1.00000e-02 -9 -9 -9 -9 36.74510 22.21379 11.33823 53464.258 0.126 0.69751 0.57964 7.45932e-03 7.24643e-02 24.81205 6.14760e-02 2.13393e-06 1.20826e-07 5.97142e-03 -5.40035e-08 -4.73101e-09 5 4.50127 0.60917
SN: Frodo 100 0 NULL 3 0.73708 0.00100 0.73500 0.00100 0.73500 0.00100 0 0 1.00000e-02 -9 -9 -9 -9 107.98181 54.96491 36.44828 52645.828 0.032 -7.93351e-01 0.43960 -1.79415e-02 8.31011e-02 23.93918 8.34816e-02 4.76790e-06 3.66601e-07 1.79788e-02 -1.24403e-07 -2.54585e-08 5 3.80873 0.57727
SN: Gabi 100 0 NULL 3 1.12254 0.00100 1.12000 0.00100 1.12000 0.00100 0 0 1.00000e-02 -9 -9 -9 -9 36.81053 22.32394 15.99559 53489.668 0.708 9.25985e-02 0.47863 -8.68152e-02 6.52563e-02 25.05510 3.20915e-02 1.70592e-06 5.04226e-08 1.63314e-02 -1.60180e-08 -9.28622e-10 6 11.01164 8.80172e-02
SN: Gilgamesh 100 0 NULL 3 1.55405 0.00100 1.55100 0.00100 1.55100 0.00100 0 0 1.00000e-02 -9 -9 -9 -9 22.14286 11.48649 11.35106 52664.559 3.618 3.40390 2.35494 0.20190 7.01090e-02 26.49653 0.16908 4.52258e-07 7.04275e-08 8.61655e-02 -1.39505e-07 -3.19688e-09 7 2.25969 0.94408
SN: Greenburg 100 0 NULL 3 1.14256 0.00100 1.14000 0.00100 1.14000 0.00100 0 0 1.00000e-02 -9 -9 -9 -9 54.91398 27.67669 22.20968 53259.648 0.088 1.63953 0.78177 -1.85928e-01 6.33492e-02 24.53312 7.35726e-02 2.75900e-06 1.86958e-07 -1.53345e-03 -1.25088e-07 7.92325e-11 8 12.95022 0.16487
SN: Hawk 100 0 NULL 3 0.49178 0.00100 0.49000 0.00100 0.49000 0.00100 0 0 1.00000e-02 -9 -9 -9 -9 108.10769 56.33333 27.25000 53305.699 0.949 2.51712 1.50246 0.22163 0.19419 23.38175 0.27375 7.96711e-06 2.00876e-06 0.12454 -2.35067e-06 -3.47239e-07 3 1.41931 0.84083
SN: Inanna 100 0 NULL 3 1.30976 0.00100 1.30700 0.00100 1.30700 0.00100 0 0 1.00000e-02 -9 -9 -9 -9 18.84848 11.45000 10.43529 52659.293 3.208 -6.40242e-01 0.90249 9.63059e-02 9.03690e-02 26.23863 0.18003 5.73518e-07 9.50961e-08 4.36358e-02 -5.90354e-08 -4.37041e-09 3 0.84023 0.83982
SN: Isis 100 0 NULL 3 0.52783 0.00100 0.52600 0.00100 0.52600 0.00100 0 0 1.00000e-02 -9 -9 -9 -9 55.18293 36.89423 36.80597 52591.070 1.255 2.52430 1.30460 0.15889 9.01730e-02 24.23203 0.12526 3.64073e-06 4.20022e-07 3.13245e-02 -4.40566e-07 -2.55292e-08 6 1.68969 0.94591
SN: Koekemoer 100 0 NULL 3 1.23267 0.00100 1.23000 0.00100 1.23000 0.00100 0 0 1.00000e-02 -9 -9 -9 -9 22.12821 18.70000 16.14000 53455.988 4.349 -1.54105e-01 0.67200 -1.81340e-01 8.85750e-02 25.32521 0.21322 1.33019e-06 2.61226e-07 1.68014e-02 -7.49702e-08 -1.40789e-08 6 6.07401 0.41495
SN: Lancaster 100 0 NULL 3 1.23267 0.00100 1.23000 0.00100 1.23000 0.00100 0 0 1.00000e-02 -9 -9 -9 -9 22.21739 18.77778 18.61403 53432.906 0.426 -5.47912e-01 0.63251 0.10892 5.31738e-02 26.00111 3.70066e-02 7.13764e-07 2.43282e-08 1.40018e-02 -7.72422e-09 -3.43619e-11 9 8.03646 0.53048
SN: Manipogo 100 0 NULL 3 0.85622 0.00100 0.85400 0.00100 0.85400 0.00100 0 0 1.00000e-02 -9 -9 -9 -9 55.02597 27.75540 -99 53150.316 1.264 -1.11869e+00 0.64119 -2.16739e-02 7.81088e-02 24.50249 3.96014e-02 2.83794e-06 1.03512e-07 -1.00122e-03 -1.44875e-08 -4.16965e-09 5 3.65835 0.59957
SN: Mcenroe 100 0 NULL 3 0.90228 0.00100 0.90000 0.00100 0.90000 0.00100 0 0 1.00000e-02 -9 -9 -9 -9 109.71053 54.80357 54.43243 52738.504 1.304 0.28028 0.40246 3.41537e-02 4.65287e-02 24.03920 2.79895e-02 4.34829e-06 1.12096e-07 -2.40112e-03 -5.64317e-09 -1.17982e-09 14 10.09636 0.75510
SN: Mcguire 100 0 NULL 3 1.37284 0.00100 1.37000 0.00100 1.37000 0.00100 0 0 1.00000e-02 -9 -9 -9 -9 27.61290 22.29348 22.28572 53257.211 1.331 0.89349 0.80227 -7.84011e-02 5.15539e-02 25.60522 7.56651e-02 1.02781e-06 7.16284e-08 1.51898e-02 -3.46368e-08 -9.40722e-10 7 6.21421 0.62325
SN: Ombo 100 0 NULL 3 0.97757 0.00100 0.97520 0.00100 0.97520 0.00100 0 0 1.00000e-02 -9 -9 -9 -9 36.79612 27.73099 22.20588 53369.383 1.111 2.05318 0.61315 8.87712e-03 5.79610e-02 24.83590 4.50209e-02 2.08757e-06 8.65625e-08 1.39806e-02 -3.58109e-08 -2.40658e-09 11 8.81079 0.63935
SN: Patuxent 100 0 NULL 3 0.97236 0.00100 0.97000 0.00100 0.97000 0.00100 0 0 1.00000e-02 -9 -9 -9 -9 27.81905 27.77049 -99 53201.645 1.737 -7.25318e-01 1.47584 -2.20538e-01 9.23236e-02 24.94755 3.12786e-02 1.88356e-06 5.42628e-08 -1.80300e-03 -2.39890e-08 -4.62118e-10 2 0.96151 0.61832
SN: Qiqirn 100 0 NULL 3 0.64196 0.00100 0.64000 0.00100 0.64000 0.00100 0 0 1.00000e-02 -9 -9 -9 -9 108.24561 36.60345 36.08696 52676.727 5.136 -2.63511e-01 0.78057 8.15238e-02 0.10941 23.92554 0.29778 4.82818e-06 1.32420e-06 1.51172e-02 -4.37505e-07 -1.15756e-07 2 1.34707 0.71799
SN: Rakke 100 0 NULL 3 0.74208 0.00100 0.74000 0.00100 0.74000 0.00100 0 0 1.00000e-02 -9 -9 -9 -9 55.01316 54.79390 22.28000 53351.805 0.245 -2.34558e-01 0.32526 -5.08320e-02 4.24294e-02 23.92309 3.91937e-02 4.83911e-06 1.74686e-07 -1.00245e-03 -3.32088e-08 -3.98697e-09 11 9.17820 0.60545
SN: Ramone 100 0 NULL 3 0.95634 0.00100 0.95400 0.00100 0.95400 0.00100 0 0 1.00000e-02 -9 -9 -9 -9 55.08475 36.36508 14.09272 52768.152 0.133 -9.12952e-01 0.82870 -2.73085e-01 0.11125 24.58507 0.10313 2.63010e-06 2.49821e-07 6.45836e-03 -1.71079e-07 -1.15521e-08 4 2.29449 0.68177
SN: Sasquatch 100 0 NULL 3 1.39286 0.00100 1.39000 0.00100 1.39000 0.00100 0 0 1.00000e-02 -9 -9 -9 -9 16.14000 15.90123 11.38462 53149.668 3.351 -2.71352e-01 0.83199 0.13683 4.25197e-02 26.00411 8.50360e-02 7.11794e-07 5.57485e-08 3.72264e-05 1.05257e-08 -3.33848e-10 8 12.35726 0.19391
SN: Spock 100 0 NULL 3 0.84120 0.00100 0.83900 0.00100 0.83900 0.00100 0 0 1.00000e-02 -9 -9 -9 -9 36.55209 27.87356 4.87097 53401.586 1.147 0.28694 0.63988 3.71788e-03 9.54311e-02 24.17544 0.14808 3.83551e-06 5.23107e-07 3.92573e-02 -3.04258e-07 -4.01692e-08 13 5.66913 0.95737
SN: Thoth 100 0 NULL 3 1.30776 0.00100 1.30500 0.00100 1.30500 0.00100 0 0 1.00000e-02 -9 -9 -9 -9 33.37037 16.04132 -99 52572.723 0.311 -7.79987e-01 0.50360 1.19359e-02 7.75164e-02 25.60814 4.87726e-02 1.02505e-06 4.60464e-08 3.69504e-03 -1.44133e-08 2.52216e-10 5 8.25501 0.22001
SN: Vilas 100 0 NULL 3 0.93732 0.00100 0.93500 0.00100 0.93500 0.00100 0 0 1.00000e-02 -9 -9 -9 -9 110.04347 22.33333 22.24272 52728.797 1.826 -5.47975e-01 0.40846 7.41990e-03 6.50454e-02 24.49700 6.75472e-02 2.85234e-06 1.77453e-07 -4.78784e-03 -2.71756e-09 -3.77062e-09 9 20.45861 2.52015e-02
SN: Yowie 100 0 NULL 3 0.46175 0.00100 0.46000 0.00100 0.46000 0.00100 0 0 1.00000e-02 -9 -9 -9 -9 109.23077 108.73684 -99 53138.383 2.225 0.18077 0.53187 0.22756 9.78311e-02 23.61996 0.13846 6.39756e-06 8.15862e-07 -1.48073e-02 1.14774e-07 -7.20646e-08 4 1.41514 0.84156
SN: Zwicky 100 0 NULL 3 0.52282 0.00100 0.52100 0.00100 0.52100 0.00100 0 0 1.00000e-02 -9 -9 -9 -9 109.13380 54.81416 54.77419 53407.980 0.438 1.27797 0.60580 5.04476e-03 4.75982e-02 23.04904 6.13258e-02 1.08239e-05 6.11367e-07 1.26559e-02 -2.74370e-07 -2.33486e-08 7 9.93076 0.19253
