# VERSION_SNANA      = v11_02g 
# VERSION_PHOTOMETRY = LOWZ_JRK07 
# SNANA_VERSION : v11_02g 
# TABLE NAME: FITRES 
# 
VARNAMES:  CID IDSURVEY TYPE FIELD CUTFLAG_SNANA zHEL zHELERR zCMB zCMBERR zHD zHDERR VPEC VPECERR MWEBV HOST_LOGMASS HOST_LOGMASS_ERR HOST_sSFR HOST_sSFR_ERR SNRMAX1 SNRMAX2 SNRMAX3 PKMJD PKMJDERR x1 x1ERR c cERR mB mBERR x0 x0ERR COV_x1_c COV_x1_x0 COV_c_x0 NDOF FITCHI2 FITPROB 
#
SN: 2000ca 50 0 NULL 3 0.02357 0.00010 0.02450 0.00010 0.02450 0.00010 0 0 6.70000e-02 -9 -9 -9 -9 98.70451 90.48126 90.48008 51666.727 0.293 0.29973 0.21127 -1.30429e-01 1.97694e-02 15.53473 4.62348e-02 1.09675e-02 4.67040e-04 -1.34695e-04 -8.87923e-06 -6.53360e-06 41 23.84783 0.98514
SN: 2000cf 50 0 NULL 3 0.03647 0.00010 0.03650 0.00010 0.03650 0.00010 0 0 3.20000e-02 -9 -9 -9 -9 120.63768 83.51850 60.31861 51673.230 0.613 -7.84302e-01 0.19785 -2.78893e-02 2.42380e-02 17.03200 4.65547e-02 2.76185e-03 1.18424e-04 -1.33296e-03 7.11433e-06 -2.32602e-06 48 15.09286 1.00000
SN: 2000cn 50 0 NULL 3 0.02349 0.00010 0.02320 0.00010 0.02320 0.00010 0 0 5.70000e-02 -9 -9 -9 -9 98.70314 72.38272 63.86554 51707.992 0.182 -2.29511e+00 0.38903 0.13864 2.82225e-02 16.58398 4.80911e-02 4.17262e-03 1.84820e-04 3.85139e-03 -3.21939e-05 -3.71367e-06 45 12.82339 1.00000
SN: 2000dk 50 0 NULL 3 0.01740 0.00010 0.01640 0.00010 0.01640 0.00010 0 0 7.00000e-02 -9 -9 -9 -9 155.10712 135.71768 90.47832 51812.641 0.297 -2.36897e+00 0.40266 5.01384e-03 2.79035e-02 15.35409 5.15825e-02 1.29528e-02 6.15378e-04 1.04307e-03 -6.21050e-05 -1.04620e-05 32 8.13598 0.99999
SN: 2000fa 50 0 NULL 3 0.02127 0.00010 0.02180 0.00010 0.02180 0.00010 0 0 6.90000e-02 -9 -9 -9 -9 155.10709 108.57430 98.70341 51893.172 0.215 0.40687 0.23011 3.67540e-02 2.43674e-02 15.87559 5.56743e-02 8.01241e-03 4.10860e-04 7.04568e-04 -4.30565e-05 -6.80780e-06 24 5.52580 0.99997
SN: 2001ay 50 0 NULL 3 0.03022 0.00010 0.03090 0.00010 0.03090 0.00010 0 0 1.90000e-02 -9 -9 -9 -9 361.91672 135.71428 120.63808 52025.410 0.524 2.80331 0.48839 0.16906 2.73940e-02 16.77085 3.34626e-02 3.51284e-03 1.08266e-04 2.30527e-03 -2.29697e-05 -1.94891e-06 46 56.76142 0.13284
SN: 2001ba 50 0 NULL 3 0.02936 0.00010 0.03050 0.00010 0.03050 0.00010 0 0 6.40000e-02 -9 -9 -9 -9 72.38190 47.20471 -99 52034.785 0.279 -5.57521e-02 0.19682 -1.49939e-01 2.12935e-02 16.17737 4.32911e-02 6.06808e-03 2.41950e-04 -7.44576e-04 -4.93866e-06 -3.12203e-06 57 24.30107 0.99996
SN: 2001cn 50 0 NULL 3 0.01547 0.00010 0.01540 0.00010 0.01540 0.00010 0 0 5.90000e-02 -9 -9 -9 -9 217.15359 135.71965 135.71722 52073.238 0.272 -8.30756e-01 0.13984 0.15934 2.10637e-02 15.27454 4.47740e-02 1.39375e-02 5.74761e-04 -3.41640e-04 -8.29358e-07 -8.88202e-06 62 10.92656 1
SN: 2001cz 50 0 NULL 3 0.01533 0.00010 0.01630 0.00010 0.01630 0.00010 0 0 9.20000e-02 -9 -9 -9 -9 180.95604 108.57330 77.55032 52104.508 0.196 -1.89697e-01 0.18680 6.72212e-02 2.60064e-02 15.04668 6.27033e-02 1.71921e-02 9.92873e-04 -9.31125e-05 -2.24204e-05 -1.95256e-05 34 8.16638 1.00000
SN: 2001V 50 0 NULL 3 0.01516 0.00010 0.01620 0.00010 0.01620 0.00010 0 0 2.00000e-02 -9 -9 -9 -9 282.41022 232.83401 204.40724 51974.543 0.100 0.82853 0.15585 -3.89008e-02 1.52258e-02 14.55865 2.34130e-02 2.69487e-02 5.81127e-04 4.77538e-04 -5.45767e-05 -5.78660e-06 108 35.05790 1
SN: 2002bf 50 0 NULL 3 0.02414 0.00010 0.02470 0.00010 0.02470 0.00010 0 0 1.10000e-02 -9 -9 -9 -9 60.31838 37.43935 31.93328 52339.379 0.399 -3.68472e-01 0.25682 0.20191 3.54716e-02 16.36314 5.35665e-02 5.11380e-03 2.52297e-04 6.01038e-04 -2.80897e-05 -6.95205e-06 35 29.69380 0.72193
SN: 1990af 50 0 NULL 3 0.05060 0.00010 0.05020 0.00010 0.05020 0.00010 0 0 3.50000e-02 -9 -9 -9 -9 36.19237 35.02434 -99 48195.887 0.405 -2.52600e+00 0.44873 2.17507e-02 3.65055e-02 17.78703 3.34539e-02 1.37780e-03 4.24530e-05 -2.44488e-03 -2.53529e-06 -8.48655e-07 24 1.37684 1
SN: 1990O 50 0 NULL 3 0.03066 0.00010 0.03060 0.00010 0.03060 0.00010 0 0 9.30000e-02 -9 -9 -9 -9 36.19173 36.19083 36.19075 48076.555 0.920 0.45138 0.43130 -5.88822e-02 4.00971e-02 16.20523 7.41450e-02 5.91438e-03 4.03894e-04 -5.80589e-03 2.17731e-05 -1.19418e-05 14 2.89553 0.99924
SN: 1992ae 50 0 NULL 3 0.07522 0.00010 0.07480 0.00010 0.07480 0.00010 0 0 3.60000e-02 -9 -9 -9 -9 35.02219 31.93322 -99 48804.324 0.143 -7.58520e-01 0.28253 -3.61140e-02 4.20234e-02 18.42066 4.09231e-02 7.68665e-04 2.89722e-05 2.12890e-03 -3.94220e-06 -7.79944e-07 25 10.83152 0.99373
SN: 1992ag 50 0 NULL 3 0.02488 0.00010 0.02590 0.00010 0.02590 0.00010 0 0 9.70000e-02 -9 -9 -9 -9 35.02441 35.02433 -99 48807.707 0.465 -7.44002e-01 0.23575 0.19903 3.54211e-02 16.32822 6.91434e-02 5.28094e-03 3.36308e-04 -2.06807e-03 1.93502e-06 -7.99382e-06 30 51.95121 7.70932e-03
SN: 1992al 50 0 NULL 3 0.01460 0.00010 0.01410 0.00010 0.01410 0.00010 0 0 3.40000e-02 -9 -9 -9 -9 36.19278 36.19146 36.19144 48838.750 0.242 -4.01526e-01 0.19221 -1.05625e-01 2.15592e-02 14.45784 3.10851e-02 2.95708e-02 8.46623e-04 -1.40815e-04 -3.65919e-05 -1.17645e-05 35 3.50884 1
SN: 1992aq 50 0 NULL 3 0.10187 0.00010 0.10090 0.00010 0.10090 0.00010 0 0 1.20000e-02 -9 -9 -9 -9 33.93037 31.93433 -99 48833.938 1.046 -1.67783e+00 0.59708 -4.74421e-02 6.07302e-02 19.27867 6.92383e-02 3.48765e-04 2.22411e-05 -7.75182e-03 3.66779e-06 -1.01255e-06 23 3.43597 1.00000
SN: 1992bc 50 0 NULL 3 0.02021 0.00010 0.01980 0.00010 0.01980 0.00010 0 0 2.20000e-02 -9 -9 -9 -9 36.19280 36.19219 36.19209 48913.109 0.108 0.50326 0.14932 -1.24282e-01 1.64779e-02 15.08793 2.13685e-02 1.65511e-02 3.25745e-04 -1.21424e-04 -1.78646e-05 -3.22708e-06 68 39.02045 0.99816
SN: 1992bg 50 0 NULL 3 0.03521 0.00010 0.03570 0.00010 0.03570 0.00010 0 0 0.18500 -9 -9 -9 -9 36.19151 36.19141 -99 48916.781 0.914 -7.19286e-01 0.27937 -2.47691e-02 4.96246e-02 16.75256 0.13014 3.57252e-03 4.28213e-04 -3.25146e-03 1.46891e-05 -1.70030e-05 21 5.02163 0.99986
SN: 1992bh 50 0 NULL 3 0.04500 0.00010 0.04510 0.00010 0.04510 0.00010 0 0 2.20000e-02 -9 -9 -9 -9 36.19141 36.19040 -99 48920.805 0.789 -1.30560e-01 0.31068 5.59013e-02 3.49303e-02 17.61361 3.61547e-02 1.61643e-03 5.38265e-05 -6.70413e-03 7.84136e-06 -1.34859e-06 24 4.04333 1.00000
SN: 1992bl 50 0 NULL 3 0.04370 0.00010 0.04290 0.00010 0.04290 0.00010 0 0 1.10000e-02 -9 -9 -9 -9 36.19117 36.19104 -99 48947.219 0.135 -2.00620e+00 0.28643 -3.10097e-02 5.03080e-02 17.30390 4.46481e-02 2.15001e-03 8.84138e-05 1.74268e-03 -1.20067e-05 -3.33102e-06 21 3.03092 1.00000
SN: 1992bo 50 0 NULL 3 0.01888 0.00010 0.01810 0.00010 0.01810 0.00010 0 0 2.70000e-02 -9 -9 -9 -9 36.19208 36.19208 36.19130 48986.539 0.176 -2.57111e+00 0.24599 -4.37089e-03 3.42647e-02 15.77501 3.98639e-02 8.79018e-03 3.22741e-04 2.26562e-05 -3.08606e-05 -7.89653e-06 48 6.82139 1
SN: 1992bp 50 0 NULL 3 0.07935 0.00010 0.07890 0.00010 0.07890 0.00010 0 0 6.90000e-02 -9 -9 -9 -9 35.02581 33.92912 -99 48980.723 0.425 -1.31277e+00 0.32083 -7.33170e-02 3.34044e-02 18.29225 4.71600e-02 8.65170e-04 3.75795e-05 -1.17433e-03 -7.59588e-07 -6.10080e-07 26 8.85512 0.99930
SN: 1992bs 50 0 NULL 3 0.06375 0.00010 0.06340 0.00010 0.06340 0.00010 0 0 1.10000e-02 -9 -9 -9 -9 35.02447 35.02302 -99 48985.887 0.753 -3.72522e-01 0.29687 -2.16663e-02 3.24832e-02 18.27817 5.01227e-02 8.76457e-04 4.04614e-05 -2.53642e-03 3.64879e-06 -9.47612e-07 31 7.62201 0.99999
SN: 1992P 50 0 NULL 3 0.02519 0.00010 0.02630 0.00010 0.02630 0.00010 0 0 2.10000e-02 -9 -9 -9 -9 36.19151 35.02526 -99 48719.043 0.046 0.70135 0.76096 -9.01683e-02 5.09975e-02 16.03698 4.59497e-02 6.90571e-03 2.92258e-04 4.27937e-03 -9.73532e-05 -1.11601e-05 12 1.83068 0.99962
SN: 1993ag 50 0 NULL 3 0.04891 0.00010 0.05000 0.00010 0.05000 0.00010 0 0 0.11200 -9 -9 -9 -9 35.02374 35.02353 -99 49317.156 0.442 -1.09591e+00 0.31364 6.85518e-02 4.17925e-02 17.82165 7.44883e-02 1.33457e-03 9.15595e-05 -3.30105e-03 -1.93660e-06 -2.21628e-06 24 6.32025 0.99988
SN: 1993B 50 0 NULL 3 0.06954 0.00010 0.07070 0.00010 0.07070 0.00010 0 0 7.90000e-02 -9 -9 -9 -9 35.02420 32.90093 -99 49005.793 0.870 -6.98078e-01 0.32902 6.47968e-02 4.49043e-02 18.46281 7.77461e-02 7.39396e-04 5.29458e-05 -2.75869e-03 1.81540e-06 -1.69045e-06 18 12.62605 0.81329
SN: 1993H 50 0 NULL 3 0.02390 0.00010 0.02480 0.00010 0.02480 0.00010 0 0 6.00000e-02 -9 -9 -9 -9 36.19238 36.19231 36.19172 49068.730 0.536 -2.86168e+00 0.22631 0.21068 4.16411e-02 16.76667 6.20009e-02 3.52641e-03 2.01376e-04 -2.66632e-03 7.09823e-06 -6.55865e-06 51 11.05584 1
SN: 1993O 50 0 NULL 3 0.05093 0.00010 0.05190 0.00010 0.05190 0.00010 0 0 5.30000e-02 -9 -9 -9 -9 36.19233 35.02435 -99 49134.656 0.216 -9.16609e-01 0.22252 -6.08219e-02 2.82217e-02 17.62547 4.01012e-02 1.59887e-03 5.90535e-05 2.46000e-04 -4.14125e-06 -9.31827e-07 37 12.43485 0.99995
SN: 1994M 50 0 NULL 3 0.02312 0.00010 0.02430 0.00010 0.02430 0.00010 0 0 2.30000e-02 -9 -9 -9 -9 54.28827 54.28611 54.28604 49475.699 0.619 -1.73065e+00 0.26392 8.83123e-02 3.81132e-02 16.31771 5.43713e-02 5.33233e-03 2.67031e-04 -1.98121e-03 1.02379e-05 -8.01754e-06 36 14.14101 0.99959
SN: 1994S 50 0 NULL 3 0.01505 0.00010 0.01600 0.00010 0.01600 0.00010 0 0 2.10000e-02 -9 -9 -9 -9 36.19241 36.19204 36.19151 49518.590 0.394 0.18402 0.34634 -6.66623e-02 2.55029e-02 14.76612 3.15595e-02 2.22614e-02 6.47080e-04 5.36484e-04 -1.16659e-04 -1.09789e-05 24 18.57575 0.77422
SN: 1995ac 50 0 NULL 3 0.05004 0.00010 0.04880 0.00010 0.04880 0.00010 0 0 4.20000e-02 -9 -9 -9 -9 54.28839 54.28754 54.28671 49993.539 0.195 0.64287 0.17939 -4.11555e-02 1.67606e-02 17.05409 3.09171e-02 2.70623e-03 7.70616e-05 -4.34158e-07 -3.18884e-06 -8.50094e-07 67 33.20937 0.99983
SN: 1995ak 50 0 NULL 3 0.02275 0.00010 0.02200 0.00010 0.02200 0.00010 0 0 3.80000e-02 -9 -9 -9 -9 45.23975 43.42918 37.43936 50021.895 0.076 -1.39599e+00 0.24702 5.66961e-02 3.80622e-02 15.97268 4.97274e-02 7.32701e-03 3.35582e-04 1.95934e-03 -3.79898e-05 -1.00905e-05 34 22.21509 0.94003
SN: 1996ab 50 0 NULL 3 0.12371 0.00010 0.12420 0.00010 0.12420 0.00010 0 0 3.20000e-02 -9 -9 -9 -9 36.19221 36.19001 -99 50222.910 1.905 0.12211 0.67164 -1.81777e-01 5.71965e-02 19.46349 8.57615e-02 2.94174e-04 2.32366e-05 -2.85142e-02 1.22455e-05 -1.06755e-06 25 11.06166 0.99264
SN: 1996bl 50 0 NULL 3 0.03599 0.00010 0.03480 0.00010 0.03480 0.00010 0 0 9.20000e-02 -9 -9 -9 -9 63.86597 51.70150 45.23807 50376.918 0.369 -1.77710e-01 0.27644 1.24882e-02 2.74952e-02 16.70327 6.37177e-02 3.73846e-03 2.19396e-04 7.26198e-04 -1.12785e-05 -4.55922e-06 30 10.82301 0.99949
SN: 1996bo 50 0 NULL 3 0.01728 0.00010 0.01630 0.00010 0.01630 0.00010 0 0 7.70000e-02 -9 -9 -9 -9 135.72046 108.57465 67.85917 50387.492 0.194 -1.04227e+00 0.20432 0.36426 2.48901e-02 15.86052 5.43110e-02 8.12440e-03 4.06401e-04 -2.86552e-04 -5.96713e-06 -7.43436e-06 37 41.03503 0.29808
SN: 1996bv 50 0 NULL 3 0.01664 0.00010 0.01670 0.00010 0.01670 0.00010 0 0 0.10500 -9 -9 -9 -9 108.57355 98.70435 83.51901 50404.176 1.059 0.82842 0.53270 0.14448 3.78006e-02 15.29815 8.77528e-02 1.36377e-02 1.10224e-03 -5.49463e-03 1.16832e-04 -3.38044e-05 16 5.17118 0.99483
SN: 1996C 50 0 NULL 3 0.02699 0.00010 0.02750 0.00010 0.02750 0.00010 0 0 1.30000e-02 -9 -9 -9 -9 49.35192 31.02161 24.67596 50129.578 0.845 0.22966 0.29660 6.96385e-02 2.84791e-02 16.61531 4.42623e-02 4.05392e-03 1.65266e-04 -3.85473e-03 2.20282e-05 -3.72325e-06 36 15.22348 0.99907
SN: 1997dg 50 0 NULL 3 0.03089 0.00010 0.02970 0.00010 0.02970 0.00010 0 0 7.80000e-02 -9 -9 -9 -9 90.47697 63.86568 51.70068 50721.207 0.508 -7.75101e-01 0.36076 -4.96864e-02 2.63588e-02 16.81006 5.61208e-02 3.38824e-03 1.75136e-04 -2.15181e-03 3.81388e-06 -3.21153e-06 18 11.50192 0.87186
SN: 1997Y 50 0 NULL 3 0.01606 0.00010 0.01660 0.00010 0.01660 0.00010 0 0 1.70000e-02 -9 -9 -9 -9 108.57520 72.38220 72.38191 50489.246 0.887 -1.38880e+00 0.35104 -7.92917e-03 2.75895e-02 15.31017 2.84567e-02 1.34875e-02 3.53502e-04 -5.70005e-03 2.60217e-05 -6.02183e-06 19 4.14105 0.99986
SN: 1998ab 50 0 NULL 3 0.02715 0.00010 0.02790 0.00010 0.02790 0.00010 0 0 1.70000e-02 -9 -9 -9 -9 135.71811 98.70321 72.38454 50914.898 0.157 8.12668e-03 0.20110 6.12691e-02 2.05110e-02 16.08899 3.18031e-02 6.58267e-03 1.92818e-04 1.11605e-03 -2.66163e-05 -2.76118e-06 41 53.11689 9.72774e-02
SN: 1998dx 50 0 NULL 3 0.05403 0.00010 0.05370 0.00010 0.05370 0.00010 0 0 4.10000e-02 -9 -9 -9 -9 90.47804 57.14421 51.70208 51072.078 0.701 -1.47385e+00 0.55056 -1.18017e-01 3.21920e-02 17.51428 5.26932e-02 1.77129e-03 8.59646e-05 -1.05401e-03 2.98747e-06 -1.96229e-06 15 11.67386 0.70353
SN: 1998ef 50 0 NULL 3 0.01771 0.00010 0.01670 0.00010 0.01670 0.00010 0 0 7.30000e-02 -9 -9 -9 -9 155.10527 108.57475 83.51884 51114.438 0.310 -1.43098e+00 0.41661 -5.28131e-02 3.13760e-02 14.82184 6.71610e-02 2.11478e-02 1.30815e-03 4.98523e-03 -2.37880e-04 -2.54770e-05 16 3.35428 0.99965
SN: 1998eg 50 0 NULL 3 0.02475 0.00010 0.02350 0.00010 0.02350 0.00010 0 0 0.12300 -9 -9 -9 -9 98.70437 63.86597 57.14569 51111.980 0.855 -9.70330e-01 0.61929 -3.32722e-04 3.45589e-02 16.09048 7.90831e-02 6.57366e-03 4.78814e-04 -4.80643e-03 -2.91860e-06 -1.10202e-05 12 2.77175 0.99695
SN: 1998V 50 0 NULL 3 0.01761 0.00010 0.01720 0.00010 0.01720 0.00010 0 0 0.19600 -9 -9 -9 -9 155.10645 135.71776 98.70622 50892.414 0.576 -2.99178e-01 0.25146 -2.95730e-02 3.32473e-02 15.03133 0.11634 1.74368e-02 1.86844e-03 -2.26980e-03 5.31340e-05 -5.40782e-05 28 14.89065 0.97957
SN: 1999aa 50 0 NULL 3 0.01448 0.00010 0.01530 0.00010 0.01530 0.00010 0 0 4.00000e-02 -9 -9 -9 -9 361.91907 217.14732 180.95959 51233.277 0.093 0.99071 0.10992 -8.39843e-02 1.36605e-02 14.70619 2.85122e-02 2.35248e-02 6.17778e-04 4.57663e-05 -1.57400e-05 -5.62237e-06 153 37.14203 1
SN: 1999aw 50 0 NULL 3 0.03792 0.00010 0.03920 0.00010 0.03920 0.00010 0 0 3.20000e-02 -9 -9 -9 -9 217.15010 217.14798 217.14691 51254.949 0.414 2.20239 0.29221 -8.48922e-02 2.59317e-02 16.72516 3.41347e-02 3.66382e-03 1.15188e-04 -1.16990e-03 -4.38173e-06 -2.13737e-06 67 17.95610 1
SN: 1999cc 50 0 NULL 3 0.03130 0.00010 0.03150 0.00010 0.03150 0.00010 0 0 2.30000e-02 -9 -9 -9 -9 120.63585 98.70192 98.70174 51315.867 0.413 -1.80874e+00 0.29537 1.37554e-02 1.97019e-02 16.77392 2.22356e-02 3.50295e-03 7.17394e-05 -3.82534e-04 -2.78510e-06 -9.09318e-07 52 5.51656 1
SN: 1999dk 50 0 NULL 3 0.01492 0.00010 0.01390 0.00010 0.01390 0.00010 0 0 5.40000e-02 -9 -9 -9 -9 135.71992 72.38114 67.85481 51414.492 0.556 0.60166 0.39266 4.67268e-02 2.49018e-02 14.83644 4.45091e-02 2.08653e-02 8.55359e-04 -1.17383e-03 4.65643e-06 -1.54843e-05 43 27.26967 0.97052
SN: 1999ek 50 0 NULL 3 0.01751 0.00010 0.01760 0.00010 0.01760 0.00010 0 0 0.56100 -9 -9 -9 -9 98.70741 77.55346 72.38684 51482.766 0.191 -1.08158e+00 0.17652 0.12307 5.43128e-02 15.53261 0.25609 1.09890e-02 2.59196e-03 -6.39532e-04 2.14314e-05 -1.37474e-04 94 20.87949 1
SN: 1999gd 50 0 NULL 3 0.01848 0.00010 0.01930 0.00010 0.01930 0.00010 0 0 4.10000e-02 -9 -9 -9 -9 155.10545 98.70029 72.38215 51521.109 0.853 -1.37335e+00 0.40612 0.42237 3.73296e-02 16.96147 5.44528e-02 2.94721e-03 1.47811e-04 -4.67811e-03 1.17843e-05 -3.85242e-06 12 3.60597 0.98954
SN: 1999gp 50 0 NULL 3 0.02672 0.00010 0.02600 0.00010 0.02600 0.00010 0 0 5.60000e-02 -9 -9 -9 -9 180.96278 155.10548 155.10391 51551.645 0.114 1.42748 0.13006 -1.07183e-03 1.59153e-02 15.99182 3.75226e-02 7.19900e-03 2.48794e-04 -3.09180e-05 -4.83861e-06 -2.73216e-06 134 37.52061 1
