# VERSION_SNANA      = v11_02g 
# VERSION_PHOTOMETRY = SDSS_HOLTZ08 
# SNANA_VERSION : v11_02g 
# TABLE NAME: FITRES 
# 
VARNAMES:  CID IDSURVEY TYPE FIELD CUTFLAG_SNANA zHEL zHELERR zCMB zCMBERR zHD zHDERR VPEC VPECERR MWEBV HOST_LOGMASS HOST_LOGMASS_ERR HOST_sSFR HOST_sSFR_ERR SNRMAX1 SNRMAX2 SNRMAX3 PKMJD PKMJDERR x1 x1ERR c cERR mB mBERR x0 x0ERR COV_x1_c COV_x1_x0 COV_c_x0 NDOF FITCHI2 FITPROB 
#
SN: 762 1 120 82N 3 0.19150 0.00010 0.19040 0.00010 0.19040 0.00010 0 0 3.30000e-02 -9 -9 -9 -9 35.67483 29.64023 23.06892 53625.203 0.359 0.70134 0.33073 -1.31488e-02 2.66501e-02 20.64570 3.71858e-02 9.90191e-05 3.39134e-06 7.57443e-04 -5.76503e-07 -5.34088e-08 44 36.62048 0.77737
SN: 1032 1 120 82N 3 0.12970 0.00020 0.12910 0.00020 0.12910 0.00020 0 0 7.39000e-02 -9 -9 -9 -9 25.97458 25.34273 17.23869 53626.613 0.384 -3.03723e+00 0.34687 0.14025 5.44008e-02 20.38878 7.05142e-02 1.25455e-04 8.14779e-06 -1.24094e-03 -6.66315e-07 -3.02092e-07 44 37.14671 0.75812
SN: 1112 1 120 82S 3 0.25770 0.00020 0.25650 0.00020 0.25650 0.00020 0 0 5.21000e-02 -9 -9 -9 -9 16.15054 15.88066 12.62214 53630.207 0.655 -1.03486e+00 0.68053 -7.22902e-03 4.83911e-02 21.52346 6.20219e-02 4.41180e-05 2.52021e-06 6.05052e-03 -1.03340e-06 -5.96456e-08 47 42.31245 0.66682
SN: 1119 1 120 82S 3 0.29740 0.00050 0.29630 0.00050 0.29630 0.00050 0 0 6.67000e-02 -9 -9 -9 -9 14.11813 12.53674 9.10341 53624.551 1.911 0.12990 1.44518 -1.07198e-01 5.49244e-02 21.58583 6.54378e-02 4.16550e-05 2.51056e-06 -8.96101e-03 -8.57300e-07 -5.89216e-08 41 21.56881 0.99462
SN: 1166 1 120 82S 3 0.38240 0.00050 0.38130 0.00050 0.38130 0.00050 0 0 1.93000e-02 -9 -9 -9 -9 9.87056 8.46763 7.46794 53631.836 1.188 1.36614 1.10162 5.22429e-02 7.10240e-02 22.04944 7.50538e-02 2.71784e-05 1.87876e-06 2.67296e-02 -1.53323e-06 -6.45753e-08 44 24.58206 0.99214
SN: 1241 1 120 82S 3 0.08700 0.00500 0.08580 0.00500 0.08580 0.00500 0 0 6.14000e-02 -9 -9 -9 -9 67.35596 59.80984 51.17825 53635.352 0.139 -8.80130e-01 0.17697 8.81834e-02 3.08616e-02 19.12077 4.86150e-02 4.03359e-04 1.80608e-05 -7.35342e-04 -9.30395e-07 -3.54485e-07 47 17.65790 0.99997
SN: 1253 1 120 82S 3 0.26200 0.00500 0.26090 0.00500 0.26090 0.00500 0 0 6.13000e-02 -9 -9 -9 -9 20.74412 17.26877 14.94763 53634.336 0.452 -1.27192e+00 0.50535 -1.18548e-01 4.70445e-02 21.20744 5.81009e-02 5.90235e-05 3.15852e-06 4.54575e-03 -7.91155e-07 -7.69515e-08 44 29.12479 0.95885
SN: 1371 1 120 82S 3 0.11910 0.00010 0.11790 0.00010 0.11790 0.00010 0 0 4.51000e-02 -9 -9 -9 -9 67.35843 46.69744 39.71225 53633.309 0.217 0.65543 0.18209 -8.88234e-02 2.32410e-02 19.07566 3.51933e-02 4.20471e-04 1.36292e-05 -5.79859e-04 -7.64028e-07 -1.83709e-07 50 64.92842 7.62191e-02
SN: 1580 1 120 82S 3 0.18300 0.00010 0.18230 0.00010 0.18230 0.00010 0 0 0.12240 -9 -9 -9 -9 30.50700 28.05442 24.12799 53634.121 0.230 0.69627 0.27700 -4.41138e-02 2.99804e-02 20.27160 7.27011e-02 1.39753e-04 9.35791e-06 -4.68905e-04 -6.42288e-07 -1.99506e-07 56 32.07133 0.99577
SN: 1686 1 119 82N+82S 3 0.13640 0.00050 0.13520 0.00050 0.13520 0.00050 0 0 6.21000e-02 -9 -9 -9 -9 11.76188 7.91076 5.17146 53621.883 0.278 5 0.65733 0.61885 8.31570e-02 22.35238 9.82797e-02 2.05611e-05 1.86117e-06 2.78378e-09 4.11185e-14 -1.33729e-07 77 111.88174 5.79887e-03
SN: 1688 1 120 82N 3 0.35870 0.00050 0.35760 0.00050 0.35760 0.00050 0 0 5.13000e-02 -9 -9 -9 -9 8.30050 7.74888 7.27659 53630.738 1.036 -1.19179e-01 1.26519 -1.92422e-02 8.10924e-02 22.15117 9.42938e-02 2.47475e-05 2.14926e-06 5.36350e-02 -2.15982e-06 -1.08403e-07 47 46.34021 0.49979
SN: 2017 1 120 82S 3 0.26160 0.00050 0.26040 0.00050 0.26040 0.00050 0 0 6.70000e-02 -9 -9 -9 -9 16.42822 14.34824 10.74459 53636.266 0.563 1.29209 0.56590 -8.92917e-02 4.61550e-02 21.29294 6.52933e-02 5.45536e-05 3.28071e-06 5.21962e-04 -1.07582e-06 -6.50137e-08 47 34.77139 0.90668
SN: 2165 1 120 82N 3 0.28800 0.00500 0.28690 0.00500 0.28690 0.00500 0 0 3.58000e-02 -9 -9 -9 -9 18.82827 15.40397 12.15340 53634.328 0.499 0.31145 0.55620 -1.20310e-01 3.53518e-02 21.60198 4.60705e-02 4.10401e-05 1.74143e-06 6.80680e-03 -6.76404e-07 -3.17271e-08 53 29.64832 0.99608
SN: 2246 1 120 82N 3 0.19520 0.00050 0.19460 0.00050 0.19460 0.00050 0 0 6.23000e-02 -9 -9 -9 -9 24.70416 19.18418 17.51315 53634.223 0.434 0.52119 0.40518 0.11333 2.98499e-02 21.01757 4.79825e-02 7.03030e-05 3.10693e-06 -3.82799e-04 -5.17559e-07 -5.25280e-08 56 91.29680 2.01647e-03
SN: 2308 1 120 82N 3 0.14800 0.00500 0.14720 0.00500 0.14720 0.00500 0 0 3.34000e-02 -9 -9 -9 -9 53.78170 51.19034 34.50363 53630.469 0.271 0.59254 0.19227 -2.05812e-01 2.08806e-02 19.55887 3.08284e-02 2.69433e-04 7.65026e-06 -3.98757e-04 -5.52710e-07 -8.81447e-08 59 39.33620 0.97721
SN: 2330 1 120 82N 3 0.21320 0.00050 0.21200 0.00050 0.21200 0.00050 0 0 2.39000e-02 -9 -9 -9 -9 13.01408 11.91576 9.75174 53635.430 0.594 -2.35671e+00 0.61892 9.27470e-02 6.10172e-02 21.78923 6.47552e-02 3.45389e-05 2.05996e-06 1.74820e-03 -5.58304e-07 -7.95626e-08 46 30.46358 0.96228
SN: 2372 1 120 82N 3 0.18120 0.00050 0.18050 0.00050 0.18050 0.00050 0 0 3.02000e-02 -9 -9 -9 -9 34.50159 33.40733 25.31580 53636.852 0.266 -4.15190e-03 0.23126 4.12531e-02 2.35309e-02 20.57105 3.01208e-02 1.06067e-04 2.94253e-06 -7.04019e-04 -2.42950e-07 -3.94089e-08 56 67.16357 0.14594
SN: 2422 1 120 82N 3 0.26500 0.00500 0.26380 0.00500 0.26380 0.00500 0 0 4.38000e-02 -9 -9 -9 -9 23.60441 18.85530 12.86986 53639.902 0.389 0.75924 0.35378 -1.64262e-01 3.09778e-02 21.13579 3.85536e-02 6.30497e-05 2.23884e-06 2.67538e-04 -4.09706e-07 -2.48529e-08 53 54.57533 0.41443
SN: 2440 1 120 82N 3 0.19300 0.00500 0.19230 0.00500 0.19230 0.00500 0 0 5.26000e-02 -9 -9 -9 -9 28.81100 28.04239 17.24283 53635.121 0.364 4.21506e-02 0.31357 -8.32984e-02 2.71655e-02 20.64278 4.03523e-02 9.92860e-05 3.69005e-06 -1.11323e-03 -3.98516e-07 -5.37106e-08 56 48.41444 0.75433
SN: 2533 1 120 82S 3 0.34000 0.00500 0.33910 0.00500 0.33910 0.00500 0 0 2.65000e-02 -9 -9 -9 -9 12.38264 10.88501 9.28310 53641.086 0.743 2.21552 0.80172 -6.28982e-02 5.33422e-02 21.81149 7.79295e-02 3.38380e-05 2.42875e-06 7.53709e-03 -1.56227e-06 -4.94114e-08 50 25.03314 0.99879
SN: 2561 1 120 82S 3 0.11820 0.00020 0.11750 0.00020 0.11750 0.00020 0 0 7.65000e-02 -9 -9 -9 -9 48.84338 46.70015 31.41950 53639.199 0.214 -4.62594e-01 0.16713 8.78789e-02 2.74468e-02 19.80981 5.08753e-02 2.13833e-04 1.00198e-05 -5.71356e-04 -2.26124e-07 -1.84450e-07 55 26.26562 0.99964
SN: 2635 1 120 82S 3 0.14330 0.00050 0.14280 0.00050 0.14280 0.00050 0 0 9.74000e-02 -9 -9 -9 -9 42.92414 39.70433 26.62178 53640.238 0.270 0.84090 0.19569 -4.58937e-02 2.62273e-02 19.81097 5.93109e-02 2.13605e-04 1.16687e-05 -4.63219e-04 -2.92610e-07 -2.18769e-07 65 51.52512 0.88791
SN: 2689 1 120 82S 3 0.16150 0.00020 0.16050 0.00020 0.16050 0.00020 0 0 3.33000e-02 -9 -9 -9 -9 41.25143 34.51364 32.37585 53637.520 0.286 1.35828 0.27737 9.31209e-02 2.98845e-02 20.24553 4.06762e-02 1.43149e-04 5.36296e-06 -3.41784e-04 -7.35310e-07 -9.69281e-08 38 46.03162 0.17395
SN: 2789 1 120 82N 3 0.29030 0.00050 0.28910 0.00050 0.28910 0.00050 0 0 5.45000e-02 -9 -9 -9 -9 16.92080 13.29156 10.66323 53636.285 0.543 -8.35962e-01 0.59290 -9.78038e-02 5.09752e-02 21.57491 6.36080e-02 4.20763e-05 2.46505e-06 6.96071e-03 -9.53806e-07 -6.45531e-08 50 63.81850 9.05909e-02
SN: 2916 1 120 82S 3 0.12420 0.00050 0.12320 0.00050 0.12320 0.00050 0 0 7.71000e-02 -9 -9 -9 -9 36.92033 34.51060 28.04487 53643.898 0.226 -7.55222e-01 0.30320 0.13844 4.08465e-02 20.05468 6.96091e-02 1.70659e-04 1.09413e-05 4.72284e-03 -1.80421e-06 -3.52575e-07 41 46.58982 0.25329
SN: 2943 1 120 82S 3 0.26540 0.00050 0.26430 0.00050 0.26430 0.00050 0 0 3.43000e-02 -9 -9 -9 -9 18.85575 16.97864 12.07658 53640.531 0.525 0.14929 0.44247 -8.76951e-03 3.98978e-02 21.35802 4.16136e-02 5.13796e-05 1.96925e-06 -8.64619e-05 -4.03690e-07 -2.62250e-08 44 43.40413 0.49704
SN: 2992 1 120 82S 3 0.12660 0.00010 0.12610 0.00010 0.12610 0.00010 0 0 9.25000e-02 -9 -9 -9 -9 41.25014 39.70523 33.41038 53640.805 0.335 -1.08951e+00 0.21905 0.14332 3.54600e-02 20.03908 6.35256e-02 1.73129e-04 1.01296e-05 -6.91118e-04 -3.73858e-07 -2.44034e-07 56 32.64195 0.99469
SN: 3080 1 120 82N 3 0.17420 0.00050 0.17310 0.00050 0.17310 0.00050 0 0 4.60000e-02 -9 -9 -9 -9 44.72710 35.67860 25.32040 53647.668 0.177 -1.05723e-01 0.23695 -5.53363e-02 2.22172e-02 20.23027 3.76287e-02 1.45176e-04 5.03140e-06 1.11158e-03 -6.21215e-07 -7.08111e-08 50 31.26695 0.98249
SN: 3087 1 120 82N 3 0.16460 0.00050 0.16360 0.00050 0.16360 0.00050 0 0 4.43000e-02 -9 -9 -9 -9 36.92514 35.68381 27.30781 53648.938 0.177 0.35427 0.23920 1.10736e-02 2.28121e-02 20.25477 3.83991e-02 1.41936e-04 5.01984e-06 1.33898e-03 -6.68447e-07 -7.54411e-08 50 37.81040 0.89740
SN: 3199 1 120 82N+82S 3 0.25110 0.00050 0.24990 0.00050 0.24990 0.00050 0 0 3.51000e-02 -9 -9 -9 -9 21.59594 20.33074 11.09785 53647.395 0.377 1.38876 0.40140 4.46487e-02 3.29045e-02 21.56344 4.43750e-02 4.25230e-05 1.73795e-06 2.13348e-03 -4.73920e-07 -2.69625e-08 98 88.71550 0.73805
SN: 3241 1 119 82S 3 0.25890 0.00020 0.25790 0.00020 0.25790 0.00020 0 0 0.13560 -9 -9 -9 -9 22.56840 16.69346 13.91112 53647.016 0.392 0.33350 0.43347 -1.92890e-01 4.23472e-02 21.00293 8.13832e-02 7.12571e-05 5.34120e-06 4.31628e-03 -9.23974e-07 -1.34168e-07 44 63.17915 3.04249e-02
SN: 3256 1 120 82S 3 0.10760 0.00050 0.10640 0.00050 0.10640 0.00050 0 0 7.54000e-02 -9 -9 -9 -9 39.70169 39.69809 27.32891 53652.465 0.465 -6.74965e-01 0.23490 5.68559e-03 3.94623e-02 19.56067 7.24495e-02 2.68987e-04 1.79491e-05 3.05561e-03 -1.89750e-06 -5.62549e-07 41 32.39776 0.82916
SN: 3317 1 120 82N 3 0.16070 0.00050 0.15970 0.00050 0.15970 0.00050 0 0 3.38000e-02 -9 -9 -9 -9 44.72874 41.24159 26.61546 53646.453 0.202 -8.57491e-01 0.24699 1.70933e-02 2.61873e-02 20.32896 3.70718e-02 1.32561e-04 4.52620e-06 7.19867e-04 -5.83844e-07 -7.44479e-08 56 56.79364 0.44527
SN: 3331 1 119 82N 3 0.20600 0.00500 0.20520 0.00500 0.20520 0.00500 0 0 3.72000e-02 -9 -9 -9 -9 28.80424 22.56140 14.71508 53650.223 0.251 -2.86576e-01 0.36097 8.47852e-02 3.29226e-02 21.11684 5.24364e-02 6.41597e-05 3.09864e-06 3.69024e-03 -7.98845e-07 -6.81249e-08 62 65.04833 0.37106
SN: 3377 1 120 82N 3 0.24510 0.00050 0.24460 0.00050 0.24460 0.00050 0 0 0.10230 -9 -9 -9 -9 35.66071 28.04200 20.32437 53646.121 0.369 0.83210 0.35964 -7.89179e-02 3.08617e-02 20.78062 6.10414e-02 8.74487e-05 4.91647e-06 1.02206e-03 -6.06639e-07 -9.09894e-08 59 45.65451 0.89850
SN: 3451 1 120 82N 3 0.25000 0.00050 0.24880 0.00050 0.24880 0.00050 0 0 5.61000e-02 -9 -9 -9 -9 32.37249 26.60514 19.94242 53645.328 0.340 0.20859 0.35550 -6.52448e-02 2.99475e-02 20.93389 4.54133e-02 7.59356e-05 3.17617e-06 1.05650e-03 -6.12544e-07 -4.61211e-08 52 51.59570 0.48974
SN: 3452 1 120 82N 3 0.23040 0.00050 0.22920 0.00050 0.22920 0.00050 0 0 5.90000e-02 -9 -9 -9 -9 38.24990 28.80863 16.16924 53648.688 0.285 0.64417 0.31742 -9.18911e-02 3.01576e-02 20.79307 4.80736e-02 8.64515e-05 3.82784e-06 2.16217e-03 -6.87282e-07 -6.87004e-08 47 38.82126 0.79625
SN: 3592 1 120 82N 3 0.08660 0.00020 0.08550 0.00020 0.08550 0.00020 0 0 2.97000e-02 -9 -9 -9 -9 108.07048 83.01640 67.35120 53645.199 0.172 -4.74600e-01 0.18987 -4.17860e-02 2.47131e-02 18.74947 3.42471e-02 5.67819e-04 1.79106e-05 1.61489e-04 -1.79875e-06 -2.78055e-07 47 12.52597 1.00000
SN: 3901 1 120 82N+82S 3 0.06280 0.00010 0.06170 0.00010 0.06170 0.00010 0 0 2.51000e-02 -9 -9 -9 -9 180.45619 120.13483 -99 53657.078 0.278 0.86297 0.24134 4.73048e-02 2.35156e-02 18.02335 3.33519e-02 1.10831e-03 3.40453e-05 3.41504e-04 -3.98455e-06 -5.20235e-07 48 18.86029 0.99995
SN: 4000 1 120 82S 3 0.27860 0.00050 0.27770 0.00050 0.27770 0.00050 0 0 2.52000e-02 -9 -9 -9 -9 12.69008 10.52451 7.69764 53642.691 0.861 -1.43906e+00 0.61320 2.38371e-02 6.52409e-02 21.89821 6.56998e-02 3.12404e-05 1.89041e-06 7.53287e-04 -6.06504e-07 -4.86142e-08 47 50.30517 0.34397
SN: 4046 1 120 82N 3 0.27700 0.00500 0.27580 0.00500 0.27580 0.00500 0 0 3.50000e-02 -9 -9 -9 -9 19.55596 17.84807 12.34289 53645.816 0.557 0.75664 0.56388 1.38560e-03 3.61494e-02 21.52222 4.68613e-02 4.41682e-05 1.90634e-06 1.69132e-03 -7.39187e-07 -2.54858e-08 47 40.18459 0.74871
SN: 4241 1 120 82N 3 0.33200 0.00050 0.33090 0.00050 0.33090 0.00050 0 0 3.17000e-02 -9 -9 -9 -9 14.93896 10.62540 9.59149 53638.570 0.673 -3.70728e-01 0.65781 -6.37158e-02 5.63652e-02 21.94871 6.00607e-02 2.98205e-05 1.64961e-06 1.16094e-02 -7.40209e-07 -4.67960e-08 53 88.77245 1.50739e-03
SN: 4577 1 120 82N 3 0.36300 0.00500 0.36220 0.00500 0.36220 0.00500 0 0 2.44000e-02 -9 -9 -9 -9 13.66296 12.79640 10.63669 53648.418 0.647 3.17988e-02 0.70089 -5.09992e-02 4.98797e-02 22.07049 6.47365e-02 2.66566e-05 1.58939e-06 8.62775e-03 -8.49199e-07 -3.03420e-08 62 43.00114 0.96846
SN: 4679 1 120 82N 3 0.33240 0.00050 0.33140 0.00050 0.33140 0.00050 0 0 2.95000e-02 -9 -9 -9 -9 10.86805 9.24493 6.66771 53654.254 0.613 0.64470 0.71647 0.11024 5.45749e-02 22.10821 7.67530e-02 2.57464e-05 1.82007e-06 9.99290e-03 -1.05744e-06 -4.70025e-08 53 53.94757 0.43793
SN: 5103 1 120 82N 3 0.14600 0.00500 0.14480 0.00500 0.14480 0.00500 0 0 2.85000e-02 -9 -9 -9 -9 46.69436 39.69707 24.14757 53654.523 0.220 -5.00226e-01 0.21269 7.91684e-02 2.74235e-02 20.39174 3.57655e-02 1.25113e-04 4.12139e-06 1.58379e-03 -4.76514e-07 -8.10313e-08 41 25.66643 0.97069
SN: 5183 1 120 82N 3 0.38980 0.00050 0.38930 0.00050 0.38930 0.00050 0 0 0.12120 -9 -9 -9 -9 10.55823 8.01106 5.34239 53647.332 1.071 -1.86374e-01 0.91628 -1.26437e-01 8.17759e-02 22.22872 9.60100e-02 2.30416e-05 2.03754e-06 2.72003e-02 -1.08477e-06 -6.22465e-08 59 50.72826 0.76978
SN: 5350 1 120 82S 3 0.17540 0.00050 0.17450 0.00050 0.17450 0.00050 0 0 0.19330 -9 -9 -9 -9 22.56996 22.09696 15.66681 53658.805 0.379 -9.06532e-01 0.39101 -7.81599e-02 4.41829e-02 20.32442 0.11201 1.33116e-04 1.37334e-05 1.44828e-03 -1.07784e-06 -4.64880e-07 31 22.42697 0.86915
SN: 5391 1 120 82S 3 0.30090 0.00050 0.30040 0.00050 0.30040 0.00050 0 0 0.10200 -9 -9 -9 -9 10.99849 9.21374 9.12735 53658.324 0.570 -4.77867e-01 0.55206 2.21511e-02 5.79920e-02 21.69428 8.15346e-02 3.76954e-05 2.83078e-06 5.31772e-03 -8.76513e-07 -8.82818e-08 61 84.65230 2.42594e-02
SN: 5395 1 120 82S 3 0.11700 0.00050 0.11640 0.00050 0.11640 0.00050 0 0 7.23000e-02 -9 -9 -9 -9 67.35534 59.81099 36.92171 53663.844 0.287 0.96560 0.23782 -2.34892e-02 2.20540e-02 19.45127 4.64927e-02 2.97502e-04 1.27394e-05 -1.08197e-04 -5.28797e-07 -1.94182e-07 50 20.85699 0.99991
SN: 5533 1 120 82N+82S 3 0.21970 0.00050 0.21850 0.00050 0.21850 0.00050 0 0 7.33000e-02 -9 -9 -9 -9 27.29536 23.58831 15.17286 53667.375 0.280 -2.06478e-01 0.32670 4.88029e-02 2.34776e-02 21.17829 4.53185e-02 6.06295e-05 2.53067e-06 4.39338e-04 -2.24991e-07 -3.73130e-08 80 84.39072 0.34699
SN: 5549 1 120 82N 3 0.12100 0.00500 0.11980 0.00500 0.11980 0.00500 0 0 3.36000e-02 -9 -9 -9 -9 63.35670 59.80755 39.69589 53666.090 0.201 0.14768 0.18010 1.69337e-02 2.09045e-02 19.64858 2.88482e-02 2.48066e-04 6.59115e-06 -2.00065e-04 -3.71002e-07 -8.38995e-08 35 23.08926 0.93884
SN: 5550 1 120 82N 3 0.15620 0.00050 0.15500 0.00050 0.15500 0.00050 0 0 2.82000e-02 -9 -9 -9 -9 67.35228 59.80604 39.68625 53671.660 0.304 1.72702 0.31616 -8.65675e-02 2.15370e-02 19.82200 2.66938e-02 2.11447e-04 5.19861e-06 5.18648e-04 -6.44868e-07 -6.68131e-08 35 6.80886 1.00000
SN: 5635 1 120 82N 3 0.17950 0.00050 0.17830 0.00050 0.17830 0.00050 0 0 6.15000e-02 -9 -9 -9 -9 22.08535 19.58556 16.41206 53662.184 0.342 -5.57910e-01 0.46220 -2.38011e-02 3.21240e-02 20.88843 5.10512e-02 7.91821e-05 3.72313e-06 3.49050e-03 -8.64961e-07 -7.37815e-08 38 35.28743 0.59555
SN: 5717 1 120 82N+82S 3 0.25170 0.00050 0.25060 0.00050 0.25060 0.00050 0 0 2.76000e-02 -9 -9 -9 -9 18.83875 18.16749 13.51745 53664.664 0.402 1.59251 0.41581 -2.77367e-02 2.45001e-02 21.36085 3.50485e-02 5.12459e-05 1.65426e-06 2.03000e-03 -4.30374e-07 -2.33258e-08 71 42.72456 0.99685
SN: 5736 1 120 82N+82S 3 0.25300 0.00500 0.25200 0.00500 0.25200 0.00500 0 0 3.78000e-02 -9 -9 -9 -9 19.55884 19.18642 16.12572 53665.730 0.242 -4.86462e-01 0.33297 1.59237e-03 2.39281e-02 21.41674 3.46923e-02 4.86747e-05 1.55529e-06 1.67108e-03 -2.81709e-07 -2.19484e-08 74 63.73503 0.79695
SN: 5737 1 120 82N 3 0.39300 0.00050 0.39200 0.00050 0.39200 0.00050 0 0 3.81000e-02 -9 -9 -9 -9 9.73924 7.63798 5.41183 53665.234 0.974 1.29983 0.98714 8.00332e-02 2.54030e-02 22.31560 6.31942e-02 2.12697e-05 1.23798e-06 5.91767e-03 -8.49648e-07 -1.02379e-08 38 24.79726 0.95135
SN: 5751 1 120 82N+82S 3 0.13000 0.00050 0.12890 0.00050 0.12890 0.00050 0 0 2.17000e-02 -9 -9 -9 -9 51.19459 44.73169 28.05799 53666.168 0.180 0.63022 0.17229 0.19282 1.75236e-02 20.15329 2.24077e-02 1.55841e-04 3.21629e-06 1.27589e-04 -2.22765e-07 -3.58023e-08 71 40.37337 0.99872
SN: 5844 1 120 82N+82S 3 0.31080 0.00050 0.30960 0.00050 0.30960 0.00050 0 0 0.10660 -9 -9 -9 -9 15.63381 15.14246 12.13762 53663.746 0.570 -3.01448e-01 0.53181 -1.14203e-01 3.81630e-02 21.55147 6.90056e-02 4.29944e-05 2.73257e-06 5.50235e-03 -6.46928e-07 -6.60946e-08 82 75.65579 0.67593
SN: 5916 1 119 82S 3 0.17240 0.00050 0.17120 0.00050 0.17120 0.00050 0 0 2.63000e-02 -9 -9 -9 -9 39.69693 33.41238 20.35154 53664.191 0.313 -8.03451e-01 0.31528 3.25195e-02 2.69936e-02 20.46195 3.62001e-02 1.17279e-04 3.91026e-06 7.39138e-04 -5.74082e-07 -6.69627e-08 32 26.67299 0.73310
SN: 5944 1 120 82N+82S 3 0.04590 0.00020 0.04500 0.00020 0.04500 0.00020 0 0 3.27000e-02 -9 -9 -9 -9 180.45450 154.60599 -99 53667.770 0.153 0.61458 0.14926 -3.16267e-02 1.78073e-02 17.30363 2.65840e-02 2.15054e-03 5.26555e-05 -3.12685e-04 -1.90018e-06 -5.96252e-07 52 10.51936 1
SN: 5957 1 120 82S 3 0.27960 0.00050 0.27880 0.00050 0.27880 0.00050 0 0 3.61000e-02 -9 -9 -9 -9 15.42630 13.88607 11.46763 53666.820 0.422 -5.78002e-01 0.49888 -8.69782e-02 3.61692e-02 21.46346 4.46147e-02 4.66248e-05 1.91589e-06 6.12793e-03 -6.17512e-07 -4.01278e-08 47 41.77626 0.68817
SN: 5966 1 120 82S 3 0.30950 0.00030 0.30850 0.00030 0.30850 0.00030 0 0 2.69000e-02 -9 -9 -9 -9 13.52766 7.87640 7.63132 53660.668 1.025 -6.03448e-01 1.14843 -2.85252e-03 6.16432e-02 21.79384 7.86948e-02 3.43926e-05 2.49280e-06 2.34272e-02 -1.98071e-06 -8.03306e-08 32 34.02906 0.37014
SN: 5994 1 120 82N 3 0.18700 0.00500 0.18600 0.00500 0.18600 0.00500 0 0 9.30000e-02 -9 -9 -9 -9 28.82735 22.56372 15.44176 53665.664 0.301 0.49053 0.34582 -6.60028e-02 2.83127e-02 20.46903 6.02996e-02 1.16516e-04 6.47109e-06 4.45377e-04 -8.48460e-07 -1.17076e-07 44 32.22614 0.90587
SN: 6057 1 120 82N 3 0.06710 0.00000 0.06660 0.00000 0.06660 0.00000 0 0 0.11690 -9 -9 -9 -9 89.97636 77.05044 -99 53663.609 0.321 -8.09561e-01 0.25970 0.14917 3.26697e-02 18.65642 7.64341e-02 6.18633e-04 4.35507e-05 -9.57099e-04 -1.02304e-06 -1.04755e-06 28 12.16328 0.99593
SN: 6100 1 120 82N 3 0.31770 0.00050 0.31650 0.00050 0.31650 0.00050 0 0 4.19000e-02 -9 -9 -9 -9 10.62975 10.36941 7.17265 53666.227 1.319 2.75063 1.49661 6.43939e-02 6.37741e-02 22.16077 9.82719e-02 2.45296e-05 2.22022e-06 4.37196e-02 -2.80358e-06 -7.87385e-08 40 33.50520 0.75615
SN: 6108 1 120 82N 3 0.25950 0.00050 0.25830 0.00050 0.25830 0.00050 0 0 7.71000e-02 -9 -9 -9 -9 18.15890 18.15848 14.69149 53675.441 0.632 0.53731 0.66479 6.10412e-02 3.36206e-02 21.53750 5.03922e-02 4.35510e-05 2.02133e-06 7.59588e-03 -5.44754e-07 -3.70891e-08 29 15.93332 0.97628
SN: 6127 1 120 82N 3 0.28000 0.00500 0.27880 0.00500 0.27880 0.00500 0 0 7.13000e-02 -9 -9 -9 -9 14.28892 11.15120 9.60613 53673.254 0.084 4.13127 1.49096 0.27694 5.83291e-02 22.08547 7.27303e-02 2.62913e-05 1.76117e-06 9.58789e-03 -1.63128e-06 -4.32554e-08 37 52.89807 4.36411e-02
SN: 6137 1 120 82N 3 0.30010 0.00050 0.29920 0.00050 0.29920 0.00050 0 0 0.11220 -9 -9 -9 -9 14.12456 11.61763 9.10863 53669.738 1.028 0.21081 0.84332 -1.30862e-01 4.54536e-02 21.51336 7.50176e-02 4.45305e-05 3.07678e-06 5.89699e-03 -9.39140e-07 -7.72796e-08 35 22.52455 0.94900
SN: 6192 1 120 82N 3 0.27200 0.00050 0.27080 0.00050 0.27080 0.00050 0 0 4.72000e-02 -9 -9 -9 -9 16.39768 13.72493 9.66199 53672.645 0.162 -2.30736e+00 3.68121e-02 -3.18498e-02 9.53049e-02 21.67408 4.08736e-02 3.84033e-05 1.44573e-06 3.48762e-03 -3.28579e-08 -8.56845e-08 36 26.19355 0.88507
SN: 6196 1 120 82N 3 0.28070 0.00050 0.27950 0.00050 0.27950 0.00050 0 0 6.48000e-02 -9 -9 -9 -9 13.71709 13.19280 12.78671 53669.254 0.586 -2.02048e+00 0.60901 6.98528e-03 4.51003e-02 21.55655 5.66783e-02 4.27937e-05 2.23394e-06 6.44744e-03 -6.65548e-07 -5.48453e-08 39 42.18837 0.33480
SN: 6249 1 120 82N 3 0.29440 0.00050 0.29320 0.00050 0.29320 0.00050 0 0 3.94000e-02 -9 -9 -9 -9 16.14451 15.39876 12.33083 53675.465 0.637 0.59241 0.71449 5.05242e-02 3.70828e-02 21.79864 4.38183e-02 3.42408e-05 1.38190e-06 9.04009e-03 -6.18606e-07 -2.57576e-08 32 28.32012 0.65344
SN: 6295 1 120 82N 3 0.07960 0.00020 0.07860 0.00020 0.07860 0.00020 0 0 3.20000e-02 -9 -9 -9 -9 32.39141 32.37561 22.09112 53664.781 0.554 -3.96162e+00 0.56358 0.60799 7.22735e-02 20.89383 8.19927e-02 7.87898e-05 5.95005e-06 -1.11088e-03 -8.14185e-07 -3.34689e-07 35 43.66979 0.14928
SN: 6304 1 120 82N 3 0.19000 0.00050 0.18900 0.00050 0.18900 0.00050 0 0 2.19000e-02 -9 -9 -9 -9 35.66431 27.31302 18.50562 53673.188 0.327 -6.27147e-01 0.43512 0.10819 2.20099e-02 20.96124 2.45932e-02 7.40461e-05 1.67723e-06 2.18640e-04 -3.01678e-07 -1.89834e-08 40 31.59782 0.82604
SN: 6315 1 120 82N 3 0.26700 0.00050 0.26600 0.00050 0.26600 0.00050 0 0 8.61000e-02 -9 -9 -9 -9 30.49318 21.62515 14.31936 53676.664 0.402 -2.71171e-01 0.42241 -2.00392e-01 2.94986e-02 20.90195 5.04271e-02 7.82023e-05 3.63211e-06 3.22156e-03 -5.10529e-07 -5.34610e-08 35 26.28250 0.85591
SN: 6406 1 120 82S 3 0.12460 0.00010 0.12400 0.00010 0.12400 0.00010 0 0 7.53000e-02 -9 -9 -9 -9 51.19711 48.84823 34.51151 53674.762 0.161 -1.13602e-01 0.20643 2.61176e-02 2.15359e-02 19.62059 4.72158e-02 2.54546e-04 1.10695e-05 4.04186e-04 -4.40192e-07 -1.67308e-07 47 21.69026 0.99942
SN: 6422 1 120 82S 3 0.18400 0.00500 0.18280 0.00500 0.18280 0.00500 0 0 4.02000e-02 -9 -9 -9 -9 53.77455 38.26122 28.80384 53668.016 0.119 0.58501 0.28375 -1.28517e-01 1.98573e-02 20.25373 2.92268e-02 1.42072e-04 3.82442e-06 -3.87796e-04 -2.98628e-07 -4.16524e-08 38 26.04830 0.92920
SN: 6558 1 118 82S 3 0.05740 0.00020 0.05640 0.00020 0.05640 0.00020 0 0 3.87000e-02 -9 -9 -9 -9 180.45706 83.01924 -99 53675.047 0.276 0.94769 0.32724 -2.25096e-03 3.03575e-02 17.74492 3.84234e-02 1.43229e-03 5.06878e-05 -2.37332e-04 -6.62002e-06 -9.66997e-07 18 4.24076 0.99964
SN: 6649 1 120 82S 3 0.31400 0.00500 0.31310 0.00500 0.31310 0.00500 0 0 3.41000e-02 -9 -9 -9 -9 15.66028 13.20475 10.49174 53677.621 0.557 0.32505 0.62407 -1.02467e-01 3.88840e-02 21.57000 4.24719e-02 4.22670e-05 1.65340e-06 1.00625e-02 -6.84730e-07 -2.85755e-08 44 40.34102 0.62921
SN: 6696 1 119 82S 3 0.23790 0.00050 0.23670 0.00050 0.23670 0.00050 0 0 7.00000e-02 -9 -9 -9 -9 14.69264 11.35379 8.58819 53676.254 0.878 3.79222 1.11348 0.18944 5.70941e-02 22.02919 7.41571e-02 2.76901e-05 1.89127e-06 9.24934e-03 -1.24542e-06 -5.80224e-08 35 20.56793 0.97501
SN: 6699 1 120 82N+82S 3 0.31060 0.00050 0.30950 0.00050 0.30950 0.00050 0 0 5.47000e-02 -9 -9 -9 -9 15.62523 13.91330 8.91539 53675.039 0.685 -1.27541e+00 0.94116 -1.84582e-01 5.06100e-02 21.77993 6.09216e-02 3.48361e-05 1.95468e-06 2.61386e-02 -1.32856e-06 -4.91299e-08 45 45.86158 0.43625
SN: 6780 1 120 82N 3 0.20200 0.00500 0.20080 0.00500 0.20080 0.00500 0 0 0.10450 -9 -9 -9 -9 18.51972 17.56350 13.38010 53665.445 0.506 -2.28811e+00 0.54666 2.30221e-02 5.11995e-02 20.97898 8.44505e-02 7.28465e-05 5.66613e-06 3.05490e-03 -1.23968e-06 -2.00870e-07 38 10.88381 1.00000
SN: 6852 1 119 82N 3 0.30060 0.00050 0.30010 0.00050 0.30010 0.00050 0 0 0.10380 -9 -9 -9 -9 18.83676 15.40782 15.38336 53682.176 0.720 4.86093 2.00750 0.18141 5.07918e-02 21.55119 9.34229e-02 4.30056e-05 3.70044e-06 1.20321e-02 -2.93313e-06 -8.44918e-08 41 13.63065 0.99998
SN: 6924 1 120 82S 3 0.32800 0.00500 0.32680 0.00500 0.32680 0.00500 0 0 3.17000e-02 -9 -9 -9 -9 18.81461 15.41057 10.73581 53674.477 0.070 0.47175 0.68412 -5.18423e-02 3.76633e-02 21.62710 4.19416e-02 4.01016e-05 1.54911e-06 9.78640e-03 -7.17766e-07 -2.51428e-08 35 32.52605 0.58811
SN: 6933 1 120 82N 3 0.21300 0.00500 0.21190 0.00500 0.21190 0.00500 0 0 2.36000e-02 -9 -9 -9 -9 39.69040 27.31506 18.85260 53679.828 0.249 -1.55337e-01 0.27208 -4.72414e-03 2.31673e-02 20.82897 2.77676e-02 8.36396e-05 2.13907e-06 1.34721e-03 -2.96238e-07 -2.51226e-08 32 27.94760 0.67195
SN: 6936 1 120 82S 3 0.18100 0.00050 0.17990 0.00050 0.17990 0.00050 0 0 4.62000e-02 -9 -9 -9 -9 35.67953 27.31616 20.75614 53680.559 0.314 -1.42584e-01 0.31456 -1.56364e-02 2.45543e-02 20.55328 3.46409e-02 1.07817e-04 3.43994e-06 6.54543e-04 -2.71419e-07 -4.37639e-08 32 18.94661 0.96723
SN: 6962 1 119 82N 3 0.09390 0.00020 0.09310 0.00020 0.09310 0.00020 0 0 2.53000e-02 -9 -9 -9 -9 89.97615 53.78383 39.70647 53678.945 0.184 -1.83721e+00 0.22359 -4.52130e-02 2.75090e-02 19.17540 3.02879e-02 3.83567e-04 1.07001e-05 3.54399e-04 -7.37592e-07 -1.94552e-07 44 47.13540 0.34556
SN: 6968 1 119 82N 3 0.09830 0.00020 0.09730 0.00020 0.09730 0.00020 0 0 3.66000e-02 -9 -9 -9 -9 53.77953 51.19814 42.91450 53688.590 0.317 2.68252 0.47426 9.46158e-02 3.74456e-02 19.60556 5.00433e-02 2.58093e-04 1.18959e-05 2.73033e-03 -3.37712e-06 -2.88099e-07 23 41.56274 1.02035e-02
SN: 7143 1 120 82N+82S 3 0.30400 0.00500 0.30280 0.00500 0.30280 0.00500 0 0 5.37000e-02 -9 -9 -9 -9 13.32375 10.46096 10.01241 53677.723 0.588 -8.24691e-01 0.65315 4.46292e-02 3.95256e-02 22.06847 4.68550e-02 2.67063e-05 1.15251e-06 1.04816e-02 -4.00807e-07 -2.26403e-08 70 56.14991 0.88507
SN: 7147 1 120 82N 3 0.10990 0.00050 0.10870 0.00050 0.10870 0.00050 0 0 4.32000e-02 -9 -9 -9 -9 71.87773 53.78222 35.67914 53679.625 0.142 -2.73661e+00 1.52231e-02 -3.60521e-02 4.09338e-02 19.50947 4.53998e-02 2.81975e-04 1.17907e-05 1.48111e-04 -7.43821e-09 -2.85427e-07 30 18.47130 0.95039
SN: 7243 1 120 82S 3 0.20370 0.00050 0.20250 0.00050 0.20250 0.00050 0 0 0.10040 -9 -9 -9 -9 27.31568 16.16228 11.03026 53686.316 0.393 0.39208 0.45519 -1.32686e-02 3.43296e-02 20.77466 6.53301e-02 8.79300e-05 5.29086e-06 3.33018e-03 -8.90511e-07 -1.07774e-07 29 10.24076 0.99949
SN: 7335 1 119 82S 3 0.19750 0.00010 0.19640 0.00010 0.19640 0.00010 0 0 5.83000e-02 -9 -9 -9 -9 22.55719 21.61711 15.15652 53674.953 0.411 -3.31920e+00 0.68243 8.64372e-02 4.87391e-02 21.24866 5.97471e-02 5.68244e-05 3.12700e-06 4.31686e-03 -8.36810e-07 -1.00184e-07 32 44.35526 7.18497e-02
SN: 7473 1 120 82S 3 0.21600 0.00500 0.21480 0.00500 0.21480 0.00500 0 0 2.47000e-02 -9 -9 -9 -9 35.66762 23.60463 18.83697 53679.617 0.293 -3.64548e-01 0.31894 -8.71633e-02 2.34407e-02 20.88574 2.81340e-02 7.93787e-05 2.05689e-06 1.45911e-03 -3.32703e-07 -2.33120e-08 29 21.79289 0.82866
SN: 7475 1 120 82S 3 0.32200 0.00500 0.32080 0.00500 0.32080 0.00500 0 0 2.73000e-02 -9 -9 -9 -9 20.34159 16.42146 13.16217 53676.270 0.506 5.50887e-02 0.57098 -1.68327e-01 3.47889e-02 21.50002 3.80834e-02 4.50809e-05 1.58126e-06 8.11654e-03 -6.06053e-07 -2.61077e-08 29 23.13652 0.77026
SN: 7512 1 120 82S 3 0.21900 0.00500 0.21850 0.00500 0.21850 0.00500 0 0 0.10280 -9 -9 -9 -9 19.20362 15.68095 12.37846 53682.547 0.376 0.29771 0.42094 2.37441e-02 3.14636e-02 21.10692 6.21371e-02 6.47490e-05 3.70561e-06 1.61917e-03 -4.56621e-07 -7.04040e-08 44 44.37520 0.45582
SN: 7779 1 120 82N+82S 3 0.38120 0.00050 0.38020 0.00050 0.38020 0.00050 0 0 6.58000e-02 -9 -9 -9 -9 14.68127 13.70724 11.84895 53676.160 0.668 1.55973 0.65959 -5.84083e-02 4.28353e-02 21.92160 4.99497e-02 3.05745e-05 1.40659e-06 9.99178e-03 -5.14899e-07 -2.84802e-08 66 71.41954 0.30256
SN: 7847 1 120 82N 3 0.21240 0.00050 0.21150 0.00050 0.21150 0.00050 0 0 2.65000e-02 -9 -9 -9 -9 22.08972 20.75875 16.67902 53682.344 0.394 0.14651 0.41262 0.16903 2.67933e-02 21.23307 3.25721e-02 5.76462e-05 1.72939e-06 2.50778e-03 -3.21981e-07 -2.55765e-08 38 33.31340 0.68583
SN: 7876 1 120 82N 3 0.07640 0.00010 0.07530 0.00010 0.07530 0.00010 0 0 3.06000e-02 -9 -9 -9 -9 108.07230 89.97823 59.81360 53685.523 0.204 0.11373 0.27378 -1.03543e-02 2.72356e-02 18.39891 3.60147e-02 7.84217e-04 2.60131e-05 1.35824e-03 -3.70246e-06 -4.76310e-07 23 10.10435 0.99061
SN: 7947 1 119 82N 3 0.36800 0.00500 0.36700 0.00500 0.36700 0.00500 0 0 7.36000e-02 -9 -9 -9 -9 7.40837 7.24128 6.59209 53671.762 0.372 -5 0.41280 -4.46414e-01 0.12498 22.21255 8.76371e-02 2.33872e-05 1.88774e-06 2.66637e-08 -4.74267e-13 -7.53581e-08 41 44.28985 0.33460
SN: 8030 1 120 82S 3 0.42200 0.00500 0.42120 0.00500 0.42120 0.00500 0 0 4.08000e-02 -9 -9 -9 -9 7.95287 7.86217 5.44218 53678.316 0.190 0.16729 0.99361 -1.86905e-01 8.51614e-02 22.49275 6.96941e-02 1.80675e-05 1.15976e-06 4.38876e-02 -6.91517e-07 -1.89052e-08 44 24.23220 0.99326
SN: 8046 1 120 82S 3 0.25930 0.00050 0.25850 0.00050 0.25850 0.00050 0 0 2.92000e-02 -9 -9 -9 -9 19.18642 11.52957 8.79792 53683.574 0.496 0.30420 0.55459 7.01451e-02 3.69285e-02 21.62308 4.49718e-02 4.02503e-05 1.66719e-06 4.80127e-03 -5.79446e-07 -2.28078e-08 35 15.27155 0.99849
SN: 8213 1 120 82N 3 0.18470 0.00050 0.18350 0.00050 0.18350 0.00050 0 0 2.82000e-02 -9 -9 -9 -9 23.60337 20.74168 16.42386 53683.746 0.310 -8.64568e-01 0.37396 0.20144 3.53568e-02 21.13830 4.51262e-02 6.29040e-05 2.61446e-06 2.84315e-03 -4.93778e-07 -5.82423e-08 23 19.63560 0.66378
SN: 8495 1 120 82S 3 0.21440 0.00050 0.21320 0.00050 0.21320 0.00050 0 0 7.13000e-02 -9 -9 -9 -9 25.32104 17.57219 14.74976 53690.242 0.464 0.78527 0.59412 -2.20884e-02 3.65803e-02 20.80677 6.40584e-02 8.53671e-05 5.03665e-06 8.04368e-03 -1.90316e-06 -1.19796e-07 23 34.71071 5.55563e-02
SN: 8598 1 120 82N 3 0.36060 0.00050 0.35990 0.00050 0.35990 0.00050 0 0 6.82000e-02 -9 -9 -9 -9 10.21929 7.04485 5.56477 53683.582 0.966 -1.44865e+00 0.90526 0.14479 7.67524e-02 22.40047 7.92590e-02 1.96704e-05 1.43594e-06 2.42249e-02 -5.35390e-07 -4.95570e-08 41 24.85828 0.97804
SN: 8707 1 119 82N+82S 3 0.39510 0.00050 0.39440 0.00050 0.39440 0.00050 0 0 3.02000e-02 -9 -9 -9 -9 11.58038 11.34687 7.22031 53687.469 0.712 0.67899 0.69278 -1.32504e-01 5.24644e-02 22.21310 5.58399e-02 2.33755e-05 1.20222e-06 1.61611e-02 -5.76058e-07 -2.67181e-08 71 54.79742 0.92255
SN: 8719 1 120 82S 3 0.11630 0.00050 0.11510 0.00050 0.11510 0.00050 0 0 2.31000e-02 -9 -9 -9 -9 63.36350 63.36151 44.72080 53689.898 0.196 -3.26629e-01 0.30084 -7.65912e-02 2.84187e-02 19.38212 3.94051e-02 3.17067e-04 1.15075e-05 2.40055e-03 -2.34179e-06 -2.23735e-07 20 9.19903 0.98049
SN: 8921 1 120 82N+82S 3 0.14530 0.00050 0.14420 0.00050 0.14420 0.00050 0 0 5.73000e-02 -9 -9 -9 -9 33.41899 31.42873 21.19953 53693.137 0.292 0.81405 0.36421 -2.31228e-02 3.15167e-02 19.95077 4.85137e-02 1.87798e-04 8.39134e-06 1.68058e-03 -1.40507e-06 -1.68259e-07 28 15.95860 0.96643
SN: 9032 1 120 82N 3 0.25400 0.00050 0.25280 0.00050 0.25280 0.00050 0 0 6.20000e-02 -9 -9 -9 -9 18.16040 14.95083 14.31740 53689.223 0.245 0.80397 0.50809 4.24542e-02 4.64836e-02 21.35468 7.13211e-02 5.15378e-05 3.38548e-06 7.48461e-03 -1.15736e-06 -9.92147e-08 25 10.26406 0.99588
SN: 9045 1 120 82N 3 0.38950 0.00050 0.38830 0.00050 0.38830 0.00050 0 0 4.58000e-02 -9 -9 -9 -9 10.14986 8.51836 6.32619 53684.781 0.988 -7.81920e-01 0.90119 -2.64379e-01 8.28489e-02 22.17151 8.29472e-02 2.42882e-05 1.85555e-06 4.58111e-02 -8.68414e-07 -4.30667e-08 27 18.59004 0.88445
SN: 9207 1 120 82S 3 0.35000 0.00050 0.34900 0.00050 0.34900 0.00050 0 0 3.60000e-02 -9 -9 -9 -9 10.74395 9.64946 8.25744 53687.820 0.828 1.01588 0.88692 2.28595e-02 6.02814e-02 22.06078 8.33861e-02 2.68960e-05 2.06565e-06 1.83036e-02 -1.37248e-06 -5.53197e-08 26 22.87735 0.63988
SN: 9457 1 120 82N 3 0.25690 0.00050 0.25570 0.00050 0.25570 0.00050 0 0 8.16000e-02 -9 -9 -9 -9 14.93230 10.93840 10.08115 53688.738 0.301 -7.08776e-01 0.49947 1.23407e-04 5.63809e-02 21.42933 8.08935e-02 4.81135e-05 3.58473e-06 1.05792e-02 -1.12361e-06 -1.25646e-07 27 9.67677 0.99911
SN: 9467 1 120 82N 3 0.21840 0.00050 0.21720 0.00050 0.21720 0.00050 0 0 5.70000e-02 -9 -9 -9 -9 19.94049 12.06660 8.74979 53688.895 0.515 -1.86903e+00 0.53527 -1.33697e-01 7.16587e-02 21.03765 8.29815e-02 6.90142e-05 5.27467e-06 1.38518e-02 -1.72722e-06 -2.52141e-07 25 14.44766 0.95336
SN: 10028 1 120 82N 3 0.06530 0.00020 0.06430 0.00020 0.06430 0.00020 0 0 2.52000e-02 -9 -9 -9 -9 89.97853 83.01809 -99 53693.227 0.661 -1.82108e+00 0.24657 4.96789e-02 5.80940e-02 18.34252 6.54190e-02 8.26024e-04 4.97705e-05 4.64516e-04 -5.33081e-06 -1.92949e-06 8 2.44363 0.96431
SN: 10550 1 120 82S 3 0.30010 0.00050 0.29890 0.00050 0.29890 0.00050 0 0 3.77000e-02 -9 -9 -9 -9 8.10712 7.19985 5.45423 53690.516 0.861 0.61723 1.05426 0.11498 7.55156e-02 21.99616 0.11011 2.85454e-05 2.89484e-06 2.91539e-02 -2.45985e-06 -1.18855e-07 23 13.13851 0.94892
SN: 11320 1 120 82S 3 0.27430 0.00050 0.27390 0.00050 0.27390 0.00050 0 0 0.19390 -9 -9 -9 -9 14.95677 14.32551 12.50528 53683.109 0.720 3.38639 0.84508 5.47583e-03 4.83184e-02 21.26350 0.10979 5.60531e-05 5.66823e-06 4.08474e-03 -1.88971e-06 -1.60268e-07 37 24.81230 0.93717
