# VERSION_SNANA      = v11_02g 
# VERSION_PHOTOMETRY = SNLS_Ast06 
# SNANA_VERSION : v11_02g 
# TABLE NAME: FITRES 
# 
VARNAMES:  CID IDSURVEY TYPE FIELD CUTFLAG_SNANA zHEL zHELERR zCMB zCMBERR zHD zHDERR VPEC VPECERR MWEBV HOST_LOGMASS HOST_LOGMASS_ERR HOST_sSFR HOST_sSFR_ERR SNRMAX1 SNRMAX2 SNRMAX3 PKMJD PKMJDERR x1 x1ERR c cERR mB mBERR x0 x0ERR COV_x1_c COV_x1_x0 COV_c_x0 NDOF FITCHI2 FITPROB 
#
SN: 03D1au 4 0 NULL 3 0.50551 0.00100 0.50430 0.00100 0.50430 0.00100 0 0 3.00000e-02 -9 -9 -9 -9 62.10198 44.03548 13.89811 52909.414 0.505 1.32426 0.34137 -2.76754e-02 3.26469e-02 22.97459 2.77374e-02 1.15922e-05 2.96146e-07 -4.09795e-04 -4.68454e-08 -4.62555e-09 31 18.14577 0.96768
SN: 03D1aw 4 0 NULL 3 0.58297 0.00100 0.58170 0.00100 0.58170 0.00100 0 0 2.50000e-02 -9 -9 -9 -9 29.78598 28.23834 10.46182 52902.008 0.619 -1.63459e-02 0.41435 1.25730e-02 4.10238e-02 23.56977 3.01148e-02 6.70025e-06 1.85843e-07 9.65763e-04 -4.30921e-08 -2.52923e-09 27 25.28058 0.55874
SN: 03D1ax 4 0 NULL 3 0.49720 0.00100 0.49600 0.00100 0.49600 0.00100 0 0 2.60000e-02 -9 -9 -9 -9 64.98612 40.05317 14.67309 52915.891 0.249 -1.06163e+00 0.25028 -6.29221e-02 3.32646e-02 22.97638 2.78532e-02 1.15731e-05 2.96894e-07 2.70865e-04 -4.16899e-08 -4.80846e-09 24 13.23752 0.96204
SN: 03D1bp 4 0 NULL 3 0.34707 0.00100 0.34600 0.00100 0.34600 0.00100 0 0 2.40000e-02 -9 -9 -9 -9 78.90076 55.49380 16.76551 52920.410 0.251 -1.05832e+00 0.23778 4.80161e-02 4.04411e-02 22.42938 4.11892e-02 1.91535e-05 7.26619e-07 -1.08113e-03 -5.82490e-08 -2.27460e-08 30 10.68572 0.99955
SN: 03D1cm 4 0 NULL 3 0.87150 0.00100 0.87000 0.00100 0.87000 0.00100 0 0 2.40000e-02 -9 -9 -9 -9 20.95000 15.03448 7.17412 52951.496 1.310 3.80183 1.23034 -5.86765e-02 0.10112 24.53543 9.77052e-02 2.75314e-06 2.47755e-07 5.49838e-02 -2.48356e-07 -7.17932e-10 33 22.79173 0.90850
SN: 03D1co 4 0 NULL 3 0.68033 0.00100 0.67900 0.00100 0.67900 0.00100 0 0 3.00000e-02 -9 -9 -9 -9 20.63956 18.12433 8.30054 52954.941 0.280 1.21180 0.53881 -9.78398e-02 6.07214e-02 24.09326 5.64192e-02 4.13711e-06 2.14981e-07 8.12440e-03 -9.40377e-08 -2.56753e-09 31 26.47480 0.69828
SN: 03D1ew 4 0 NULL 3 0.86950 0.00100 0.86800 0.00100 0.86800 0.00100 0 0 2.70000e-02 -9 -9 -9 -9 24.60019 11.04478 7.04263 52991.805 1.596 0.31735 0.43304 6.98156e-03 9.61311e-02 24.30462 4.76797e-02 3.40528e-06 1.49542e-07 2.09308e-02 -1.36744e-08 4.15974e-09 15 14.13121 0.51560
SN: 03D1fc 4 0 NULL 3 0.33206 0.00100 0.33100 0.00100 0.33100 0.00100 0 0 2.70000e-02 -9 -9 -9 -9 141.25894 131.47693 127.56779 53002.688 0.226 0.17950 0.29850 -2.31980e-02 2.40100e-02 21.81575 3.28853e-02 3.37054e-05 1.02089e-06 1.34689e-03 -2.03655e-07 -1.49030e-08 15 3.62783 0.99872
SN: 03D1fl 4 0 NULL 3 0.68935 0.00100 0.68800 0.00100 0.68800 0.00100 0 0 2.70000e-02 -9 -9 -9 -9 43.01229 37.22149 11.64714 52993.219 0.434 3.92872e-02 0.31842 -1.19361e-01 3.95958e-02 23.58742 2.45879e-02 6.59222e-06 1.49289e-07 7.35531e-05 -1.32516e-08 8.23402e-10 14 23.81260 4.82666e-02
SN: 03D1fq 4 0 NULL 3 0.80143 0.00100 0.80000 0.00100 0.80000 0.00100 0 0 2.60000e-02 -9 -9 -9 -9 25.09465 14.90214 8.12298 52998.312 0.888 -1.43722e+00 0.60571 -1.06503e-01 7.52394e-02 24.53680 4.05310e-02 2.74968e-06 1.02647e-07 1.67419e-02 -2.64193e-08 1.94297e-09 14 10.59072 0.71785
SN: 03D3af 4 0 NULL 3 0.53141 0.00100 0.53200 0.00100 0.53200 0.00100 0 0 1.10000e-02 -9 -9 -9 -9 45.67263 25.87681 20.91358 52732.949 0.425 -4.28590e-01 0.37834 3.08723e-02 4.66798e-02 23.48821 4.32132e-02 7.22296e-06 2.87480e-07 2.33802e-03 -8.46667e-08 -2.74690e-09 13 21.78596 5.87682e-02
SN: 03D3aw 4 0 NULL 3 0.44844 0.00100 0.44900 0.00100 0.44900 0.00100 0 0 9.00000e-03 -9 -9 -9 -9 116.65589 47.76648 12.13573 52767.742 0.306 -4.29482e-01 0.42699 -1.09148e-01 4.82434e-02 22.52221 6.25634e-02 1.75839e-05 1.01324e-06 2.62986e-03 -3.52850e-07 -2.66918e-08 13 13.21950 0.43100
SN: 03D3ay 4 0 NULL 3 0.37036 0.00100 0.37090 0.00100 0.37090 0.00100 0 0 8.00000e-03 -9 -9 -9 -9 109.69003 58.83626 18.78303 52768.000 0.280 0.31027 0.40081 -8.06258e-02 4.17563e-02 22.22666 5.93422e-02 2.30853e-05 1.26176e-06 2.48412e-04 -3.96298e-07 -2.78798e-08 13 12.26443 0.50609
SN: 03D3bh 4 0 NULL 3 0.24812 0.00100 0.24860 0.00100 0.24860 0.00100 0 0 1.00000e-02 -9 -9 -9 -9 167.61014 116.76938 -99 52770.570 0.274 0.64999 0.36366 -6.38977e-02 7.07333e-02 21.24299 9.64864e-02 5.71221e-05 5.07629e-06 -5.85380e-04 -8.89978e-07 -3.00631e-07 9 8.63374 0.47175
SN: 03D3cc 4 0 NULL 3 0.46213 0.00100 0.46270 0.00100 0.46270 0.00100 0 0 1.20000e-02 -9 -9 -9 -9 102.67764 71.84643 31.20527 52781.508 0.828 0.61804 0.47841 -4.16031e-02 5.47181e-02 22.67486 8.27410e-02 1.52776e-05 1.16427e-06 1.15312e-02 -4.31187e-07 -4.50549e-08 10 4.97346 0.89294
SN: 03D3cd 4 0 NULL 3 0.46013 0.00100 0.46070 0.00100 0.46070 0.00100 0 0 9.00000e-03 -9 -9 -9 -9 117.96748 110.44025 65.47893 52802.105 0.505 1.54994 1.27254 -3.72350e-02 5.44342e-02 22.56826 9.66488e-02 1.68537e-05 1.50026e-06 5.11786e-02 -1.85021e-06 -6.81728e-08 9 2.69961 0.97502
SN: 03D4ag 4 0 NULL 3 0.28639 0.00100 0.28500 0.00100 0.28500 0.00100 0 0 2.60000e-02 -9 -9 -9 -9 237.78683 100.89233 89.54192 52831.090 0.232 0.95185 0.30826 -1.65309e-01 2.50638e-02 21.20682 4.37959e-02 5.90569e-05 2.38221e-06 -7.94997e-04 -5.44723e-07 -2.58064e-08 28 4.70432 1.00000
SN: 03D4at 4 0 NULL 3 0.63477 0.00100 0.63300 0.00100 0.63300 0.00100 0 0 2.60000e-02 -9 -9 -9 -9 37.49839 30.67789 8.43157 52816.848 0.720 -3.03421e-01 0.35619 -1.00071e-01 4.56133e-02 23.72009 2.96093e-02 5.83397e-06 1.59099e-07 1.83184e-03 -2.19938e-08 -8.89168e-10 30 44.63306 4.17434e-02
SN: 03D4cn 4 0 NULL 3 0.81998 0.00100 0.81800 0.00100 0.81800 0.00100 0 0 3.00000e-02 -9 -9 -9 -9 19.86748 12.65407 6.50324 52877.012 0.855 -2.26311e+00 0.12102 9.71590e-02 0.82947 24.65347 0.11710 2.46953e-06 2.66353e-07 0.10961 3.05875e-08 2.30772e-07 36 59.02784 9.10704e-03
SN: 03D4cx 4 0 NULL 3 0.95112 0.00100 0.94900 0.00100 0.94900 0.00100 0 0 2.40000e-02 -9 -9 -9 -9 16.25235 9.98656 8.62182 52882.332 0.489 -6.41923e-01 0.56242 4.59588e-02 0.10693 24.50723 5.52824e-02 2.82558e-06 1.43870e-07 3.11126e-02 1.07304e-08 1.08568e-08 32 28.25270 0.65681
SN: 03D4cy 4 0 NULL 3 0.92919 0.00100 0.92710 0.00100 0.92710 0.00100 0 0 2.80000e-02 -9 -9 -9 -9 18.82900 6.74107 5.06102 52899.691 0.661 4.29490e-02 0.40265 -8.77695e-02 0.10783 24.54189 5.57556e-02 2.73679e-06 1.40542e-07 2.07990e-02 -4.84523e-09 9.05613e-09 32 33.23471 0.40688
SN: 03D4cz 4 0 NULL 3 0.69684 0.00100 0.69500 0.00100 0.69500 0.00100 0 0 2.90000e-02 -9 -9 -9 -9 20.86481 13.46352 8.06199 52894.262 0.518 -2.17835e+00 0.42131 -7.25050e-02 7.16683e-02 24.03886 4.96734e-02 4.34967e-06 1.99001e-07 5.77853e-03 -4.89999e-08 -9.33684e-10 32 20.12847 0.94899
SN: 03D4dh 4 0 NULL 3 0.62857 0.00100 0.62680 0.00100 0.62680 0.00100 0 0 2.90000e-02 -9 -9 -9 -9 60.72884 46.86903 23.01242 52906.188 0.456 1.02687 0.28653 -5.89100e-02 3.68666e-02 23.36160 2.87647e-02 8.11632e-06 2.15028e-07 9.74954e-04 -3.24578e-08 -1.70050e-09 29 16.61385 0.96784
SN: 03D4di 4 0 NULL 3 0.90707 0.00100 0.90500 0.00100 0.90500 0.00100 0 0 2.60000e-02 -9 -9 -9 -9 24.20495 13.07281 7.73589 52901.355 0.983 0.89647 0.50075 -5.50959e-02 9.65382e-02 24.23975 4.54424e-02 3.61494e-06 1.51300e-07 2.74741e-02 -1.86730e-08 5.91494e-09 31 22.98841 0.84956
SN: 03D4dy 4 0 NULL 3 0.60574 0.00100 0.60400 0.00100 0.60400 0.00100 0 0 2.60000e-02 -9 -9 -9 -9 63.99334 55.56117 25.47669 52904.145 0.402 1.03176 0.25757 -7.93780e-03 3.69031e-02 23.27334 2.87261e-02 8.80365e-06 2.32924e-07 7.46498e-04 -3.38408e-08 -2.20506e-09 30 30.28510 0.45112
SN: 03D4fd 4 0 NULL 3 0.79295 0.00100 0.79100 0.00100 0.79100 0.00100 0 0 2.80000e-02 -9 -9 -9 -9 32.25580 13.83603 6.01798 52938.457 0.871 -1.96155e-02 0.54334 -1.05849e-01 6.89220e-02 24.22169 3.40972e-02 3.67557e-06 1.15430e-07 1.53946e-02 -1.88667e-08 2.04847e-09 12 8.05674 0.78068
SN: 03D4gf 4 0 NULL 3 0.58271 0.00100 0.58100 0.00100 0.58100 0.00100 0 0 2.70000e-02 -9 -9 -9 -9 55.70924 34.50368 17.15237 52937.184 0.617 0.47965 0.38193 -8.06482e-02 3.72673e-02 23.32217 2.26452e-02 8.41651e-06 1.75543e-07 1.63462e-03 -1.66712e-08 -3.10272e-10 14 21.83034 8.21683e-02
SN: 03D4gg 4 0 NULL 3 0.59372 0.00100 0.59200 0.00100 0.59200 0.00100 0 0 2.70000e-02 -9 -9 -9 -9 36.00376 23.54712 13.00263 52943.805 0.769 0.73372 0.58584 5.67594e-02 4.51767e-02 23.38025 3.05962e-02 7.97815e-06 2.24826e-07 7.58191e-03 -5.56284e-08 6.84438e-10 11 19.36788 5.48012e-02
SN: 04D1aj 4 0 NULL 3 0.72237 0.00100 0.72100 0.00100 0.72100 0.00100 0 0 3.00000e-02 -9 -9 -9 -9 23.99865 22.24257 10.31272 52999.711 0.933 0.88698 0.66770 -4.69248e-02 5.13221e-02 23.86283 3.67140e-02 5.11526e-06 1.72971e-07 7.90137e-03 -7.04423e-08 5.68943e-10 13 12.15848 0.51469
SN: 04D1ak 4 0 NULL 3 0.52721 0.00100 0.52600 0.00100 0.52600 0.00100 0 0 2.60000e-02 -9 -9 -9 -9 35.05500 29.68801 5.74301 53010.457 0.015 -1.96620e+00 1.16260e-02 9.00249e-02 2.20574e-02 23.64891 2.80156e-02 6.22928e-06 1.60736e-07 4.18237e-06 -5.74982e-11 -8.68076e-10 15 17.83065 0.27167
SN: 04D2fp 4 0 NULL 3 0.41336 0.00100 0.41500 0.00100 0.41500 0.00100 0 0 2.00000e-02 -9 -9 -9 -9 79.73012 66.47125 41.03134 53107.562 0.315 0.27780 0.29127 -3.34421e-02 2.88323e-02 22.54501 3.18910e-02 1.72185e-05 5.05752e-07 5.46066e-04 -9.21243e-08 -7.95945e-09 17 8.08359 0.96473
SN: 04D2fs 4 0 NULL 3 0.35543 0.00100 0.35700 0.00100 0.35700 0.00100 0 0 1.70000e-02 -9 -9 -9 -9 81.61819 80.39700 60.56211 53107.766 0.282 3.92991e-02 0.25426 7.32617e-02 2.49483e-02 22.41827 2.89790e-02 1.93504e-05 5.16476e-07 -4.73425e-04 -7.48858e-08 -6.34410e-09 17 8.22599 0.96147
SN: 04D2gb 4 0 NULL 3 0.42834 0.00100 0.43000 0.00100 0.43000 0.00100 0 0 2.00000e-02 -9 -9 -9 -9 43.62826 42.78938 26.72519 53107.934 0.434 -2.21073e+00 0.41785 9.81553e-03 4.99005e-02 22.84159 5.09886e-02 1.31027e-05 6.15334e-07 3.52698e-03 -1.41620e-07 -2.05507e-08 17 4.61040 0.99868
SN: 04D2gc 4 0 NULL 3 0.51923 0.00100 0.52100 0.00100 0.52100 0.00100 0 0 1.90000e-02 -9 -9 -9 -9 50.63915 41.68720 21.76904 53118.484 0.116 0.89280 0.42329 0.17695 3.96378e-02 23.31021 3.15685e-02 8.50973e-06 2.47426e-07 4.01347e-04 -6.36906e-08 -3.03683e-09 14 11.30141 0.66221
SN: 04D2gp 4 0 NULL 3 0.70503 0.00100 0.70700 0.00100 0.70700 0.00100 0 0 1.90000e-02 -9 -9 -9 -9 15.96723 15.19278 -99 53110.551 0.810 -1.99334e+00 0.62832 -7.52124e-02 0.10164 24.12783 5.95146e-02 4.00743e-06 2.19667e-07 7.79398e-03 -5.68600e-08 8.20461e-09 9 9.59890 0.38392
SN: 04D2iu 4 0 NULL 3 0.68904 0.00100 0.69100 0.00100 0.69100 0.00100 0 0 1.90000e-02 -9 -9 -9 -9 18.25651 15.77873 4.15643 53120.828 0.836 -1.83363e+00 0.72677 8.90171e-02 0.10004 24.26388 6.22586e-02 3.53548e-06 2.02733e-07 -3.87559e-03 -7.89424e-08 5.99605e-09 8 1.87817 0.98452
SN: 04D2ja 4 0 NULL 3 0.73898 0.00100 0.74100 0.00100 0.74100 0.00100 0 0 0 -9 -9 -9 -9 22.96251 20.79127 3.00108 53122.777 0.671 9.98767e-02 0.57107 -1.97992e-01 6.75329e-02 24.10196 5.19901e-02 4.10410e-06 1.96523e-07 -8.49063e-05 -7.27836e-08 5.44639e-09 8 1.85074 0.98525
SN: 04D3co 4 0 NULL 3 0.61937 0.00100 0.62000 0.00100 0.62000 0.00100 0 0 1.00000e-02 -9 -9 -9 -9 30.48931 30.39814 7.92228 53101.707 0.423 -7.38851e-01 0.30946 -4.50807e-02 5.06256e-02 23.77053 3.87327e-02 5.56913e-06 1.98674e-07 4.69528e-03 -4.38790e-08 -3.72436e-09 47 33.94627 0.92301
SN: 04D3cp 4 0 NULL 3 0.82930 0.00100 0.83000 0.00100 0.83000 0.00100 0 0 8.00000e-03 -9 -9 -9 -9 25.18820 23.08157 7.00479 53110.449 0.568 0.87905 0.36355 -3.38538e-01 6.92036e-02 24.13032 3.59681e-02 3.99825e-06 1.32454e-07 8.97116e-03 -2.24657e-08 2.68705e-09 41 26.36382 0.96297
SN: 04D3cy 4 0 NULL 3 0.64236 0.00100 0.64300 0.00100 0.64300 0.00100 0 0 1.10000e-02 -9 -9 -9 -9 32.83851 31.77914 8.73064 53101.820 0.415 0.39638 0.34581 -1.02665e-02 4.45066e-02 23.78483 3.64241e-02 5.49627e-06 1.84388e-07 3.61550e-03 -4.80394e-08 -1.54453e-09 47 54.83235 0.20191
SN: 04D3dd 4 0 NULL 3 1.00921 0.00100 1.01000 0.00100 1.01000 0.00100 0 0 8.00000e-03 -9 -9 -9 -9 11.41036 5.89165 5.52216 53114.566 0.971 0.58386 0.58952 -2.62512e-02 0.13514 24.91793 8.56515e-02 1.93565e-06 1.52700e-07 4.16583e-02 1.21660e-08 1.63066e-08 41 58.95156 3.42745e-02
SN: 04D3df 4 0 NULL 3 0.46942 0.00100 0.47000 0.00100 0.47000 0.00100 0 0 9.00000e-03 -9 -9 -9 -9 70.92453 46.42577 19.62484 53119.762 0.402 -2.19398e+00 0.32017 0.16715 3.76641e-02 23.54697 3.36875e-02 6.84244e-06 2.12302e-07 1.80605e-03 -3.48941e-08 -5.16629e-09 36 35.16384 0.50818
SN: 04D3do 4 0 NULL 3 0.60936 0.00100 0.61000 0.00100 0.61000 0.00100 0 0 9.00000e-03 -9 -9 -9 -9 50.29693 34.60318 16.33854 53112.844 0.469 -1.08546e+00 0.24024 -1.49628e-01 3.88967e-02 23.54949 2.75012e-02 6.82659e-06 1.72915e-07 1.01143e-03 -1.83160e-08 -2.03938e-09 42 36.48792 0.71100
SN: 04D3ez 4 0 NULL 3 0.26252 0.00100 0.26300 0.00100 0.26300 0.00100 0 0 1.00000e-02 -9 -9 -9 -9 195.40289 151.83180 103.01408 53115.254 0.373 -8.23944e-01 0.22663 5.46487e-02 2.33685e-02 21.68240 2.66847e-02 3.81100e-05 9.36649e-07 1.24766e-04 -6.93169e-08 -1.65341e-08 33 12.21732 0.99963
SN: 04D3fk 4 0 NULL 3 0.35727 0.00100 0.35780 0.00100 0.35780 0.00100 0 0 8.00000e-03 -9 -9 -9 -9 128.44687 97.12315 83.67437 53127.148 0.193 -3.09055e-01 0.17682 0.10711 2.11680e-02 22.53920 2.44466e-02 1.73108e-05 3.89774e-07 3.68987e-04 -4.19281e-08 -5.41757e-09 40 19.48592 0.99740
SN: 04D3fq 4 0 NULL 3 0.72931 0.00100 0.73000 0.00100 0.73000 0.00100 0 0 1.10000e-02 -9 -9 -9 -9 22.80695 18.05931 8.22915 53119.938 0.626 -6.33585e-01 0.41065 -9.48043e-02 5.69521e-02 24.09329 3.00480e-02 4.13698e-06 1.14492e-07 2.74515e-03 -2.07706e-08 1.19588e-09 41 39.59589 0.53305
SN: 04D3gt 4 0 NULL 3 0.45045 0.00100 0.45100 0.00100 0.45100 0.00100 0 0 1.00000e-02 -9 -9 -9 -9 66.04494 45.37150 29.04821 53137.766 0.262 -4.09354e-01 0.19692 0.23550 2.66169e-02 23.22621 2.58792e-02 9.19423e-06 2.19150e-07 1.86567e-04 -2.46248e-08 -3.34779e-09 47 31.74276 0.95683
SN: 04D3gx 4 0 NULL 3 0.90925 0.00100 0.91000 0.00100 0.91000 0.00100 0 0 1.20000e-02 -9 -9 -9 -9 19.85758 18.50932 6.48691 53126.145 0.597 -4.51410e-01 0.49660 -2.38577e-01 0.10062 24.66400 4.65202e-02 2.44567e-06 1.04789e-07 2.84627e-02 -3.50137e-09 6.24712e-09 38 26.55573 0.91854
SN: 04D3hn 4 0 NULL 3 0.55100 0.00100 0.55160 0.00100 0.55160 0.00100 0 0 1.20000e-02 -9 -9 -9 -9 55.88785 45.82038 16.59284 53137.406 0.160 -8.15142e-01 0.19496 0.17217 3.11555e-02 23.49394 2.33471e-02 7.18496e-06 1.54501e-07 2.65717e-04 -1.59675e-08 -1.94183e-09 47 65.13307 4.09750e-02
SN: 04D3is 4 0 NULL 3 0.70933 0.00100 0.71000 0.00100 0.71000 0.00100 0 0 1.00000e-02 -9 -9 -9 -9 24.36354 18.51991 6.51783 53144.262 0.600 1.68513e-02 0.41644 0.21505 5.33138e-02 24.22932 3.52263e-02 3.64982e-06 1.18417e-07 2.93250e-03 -2.98390e-08 6.34735e-10 32 37.75763 0.22278
SN: 04D3ki 4 0 NULL 3 0.92924 0.00100 0.93000 0.00100 0.93000 0.00100 0 0 1.00000e-02 -9 -9 -9 -9 21.75855 6.86386 5.48358 53141.738 0.714 -1.53774e+00 0.44893 3.43636e-02 0.13601 24.71943 6.34731e-02 2.32395e-06 1.35860e-07 3.63064e-02 3.64220e-09 1.15918e-08 35 29.46305 0.73218
SN: 04D3kr 4 0 NULL 3 0.33677 0.00100 0.33730 0.00100 0.33730 0.00100 0 0 1.00000e-02 -9 -9 -9 -9 210.83951 173.78049 160.13402 53166.172 0.341 1.32676 0.31734 -4.20599e-02 2.72186e-02 21.94760 3.76683e-02 2.98511e-05 1.03565e-06 1.76024e-03 -2.32299e-07 -1.81190e-08 31 5.03868 1.00000
SN: 04D3ks 4 0 NULL 3 0.75132 0.00100 0.75200 0.00100 0.75200 0.00100 0 0 1.20000e-02 -9 -9 -9 -9 24.35359 24.12253 -99 53163.199 0.614 0.47006 0.54094 -1.27936e-01 6.56136e-02 23.84928 4.60394e-02 5.17951e-06 2.19631e-07 1.07052e-02 -7.62163e-08 3.01616e-09 19 14.88500 0.72988
SN: 04D3lp 4 0 NULL 3 0.98223 0.00100 0.98300 0.00100 0.98300 0.00100 0 0 1.20000e-02 -9 -9 -9 -9 15.33195 6.40072 5.07229 53149.555 0.983 -1.51295e+00 0.53654 -1.04041e-01 0.15099 24.99181 9.73581e-02 1.80833e-06 1.62153e-07 4.46529e-02 1.31430e-08 1.85878e-08 32 36.27767 0.27587
SN: 04D3lu 4 0 NULL 3 0.82111 0.00100 0.82180 0.00100 0.82180 0.00100 0 0 1.00000e-02 -9 -9 -9 -9 29.53646 25.14315 10.21302 53168.652 0.116 -3.87726e-01 0.29330 -1.01965e-01 6.33333e-02 24.32287 3.35487e-02 3.34851e-06 1.03467e-07 5.29697e-03 -1.09280e-08 2.07320e-09 23 26.81962 0.26372
SN: 04D3ml 4 0 NULL 3 0.94924 0.00100 0.95000 0.00100 0.95000 0.00100 0 0 1.10000e-02 -9 -9 -9 -9 17.46616 16.66947 9.29110 53180.133 1.062 1.49260 0.80514 -6.65367e-02 0.10493 24.53504 5.72647e-02 2.75414e-06 1.45261e-07 5.04627e-02 -2.66477e-08 6.54096e-09 16 6.91096 0.97494
SN: 04D3nh 4 0 NULL 3 0.33968 0.00100 0.34020 0.00100 0.34020 0.00100 0 0 1.10000e-02 -9 -9 -9 -9 152.54858 138.73418 92.80943 53174.445 0.291 0.64187 0.28521 -3.29499e-03 2.13837e-02 22.10640 2.59262e-02 2.57892e-05 6.15819e-07 1.91790e-03 -1.17249e-07 -8.86120e-09 22 6.15269 0.99964
SN: 04D4an 4 0 NULL 3 0.61475 0.00100 0.61300 0.00100 0.61300 0.00100 0 0 2.50000e-02 -9 -9 -9 -9 40.56353 34.25016 11.18170 53183.562 0.489 -1.31588e+00 0.49183 1.41674e-02 4.53429e-02 24.03599 3.86865e-02 4.36119e-06 1.55396e-07 7.08754e-03 -5.44881e-08 -2.38483e-09 22 16.59674 0.78521
SN: 04D4bk 4 0 NULL 3 0.84199 0.00100 0.84000 0.00100 0.84000 0.00100 0 0 2.80000e-02 -9 -9 -9 -9 32.43885 24.52970 11.77001 53192.062 0.859 1.58467 0.79221 -2.31921e-02 7.96349e-02 24.30125 4.58119e-02 3.41585e-06 1.44130e-07 3.58203e-02 -7.36931e-08 -1.05725e-09 18 19.24510 0.37688
SN: 04D4bq 4 0 NULL 3 0.55168 0.00100 0.55000 0.00100 0.55000 0.00100 0 0 2.60000e-02 -9 -9 -9 -9 36.36527 34.60318 14.29511 53193.613 0.095 3.25901e-02 0.25704 8.48250e-02 3.53523e-02 23.33518 2.72817e-02 8.31625e-06 2.08966e-07 1.10625e-03 -2.58340e-08 -2.97419e-09 22 16.46747 0.79203
SN: 04D4dm 4 0 NULL 3 0.81297 0.00100 0.81100 0.00100 0.81100 0.00100 0 0 2.60000e-02 -9 -9 -9 -9 22.70469 14.35200 8.16918 53199.887 0.520 0.36195 0.47071 3.01940e-02 6.91621e-02 24.38904 3.88902e-02 3.15054e-06 1.12850e-07 1.24387e-02 -1.63731e-08 1.98162e-09 20 20.60450 0.42073
SN: 04D4dw 4 0 NULL 3 0.96313 0.00100 0.96100 0.00100 0.96100 0.00100 0 0 2.90000e-02 -9 -9 -9 -9 26.91470 17.77169 7.42965 53199.773 1.062 0.49423 0.59728 -1.87730e-01 0.11746 24.53469 6.10066e-02 2.75503e-06 1.54803e-07 4.80992e-02 3.55609e-08 1.41946e-08 19 10.12539 0.94978
